-270.3125688514765 -270.0465223452514 -0.26604650622510917
-293.01593867215826 -293.01590986883417 -2.8803324084947235e-05
-281.06335544335985 -280.8423925203685 -0.22096292299136167
-233.92276644150652 -233.92276624768087 -1.938256559697038e-07
-273.455178266679 -273.4551800336316 1.7669526073404995e-06
-296.0159408627044 -296.01594052615 -3.3655436482149526e-07
-286.27127597338995 -286.2712670835191 -8.889870855455229e-06
-325.9407876933206 -325.940788734353 1.041032419379917e-06
-228.45670835765193 -228.58632843015926 0.129620072507322
-290.41451209057493 -290.41444757773934 -6.45128355927227e-05
-264.3694906539358 -264.3001165482951 -0.06937410564074753
-240.01249566314522 -240.01249317633992 -2.48680530035017e-06
-270.64033878607165 -270.5990425604311 -0.0412962256405649
-237.5861786556405 -237.47504158056415 -0.11113707507635695
-308.38083284634246 -308.3808330596783 2.1333585209504236e-07
-258.0862804242845 -258.23560650670555 0.14932608242105516
-253.2541972510715 -252.12380817841068 -1.1303890726608188
-263.2203517794155 -263.22035202072016 2.4130463316396344e-07
-275.42547613522106 -275.08021979198253 -0.3452563432385318
-318.16943279182806 -318.1455275354312 -0.023905256396858476
-237.1402000931745 -237.1401998978047 -1.9536980744305765e-07
-258.3603437111129 -258.29196210032234 -0.06838161079053862
-317.6028454481462 -317.6028445821795 -8.659666832500079e-07
-256.1759718793227 -256.24790007320905 0.07192819388637872
-248.91698786947188 -248.94097089439796 0.023983024926081953
-286.6834886583573 -286.6834898857715 1.2274142022761225e-06
-294.70965528471385 -294.8887227176416 0.17906743292775218
-294.5283527503692 -294.5283543132311 1.5628618825758167e-06
-297.42624963438175 -297.4262495212748 -1.1310692116239807e-07
-308.7656199840411 -308.73757497309754 -0.028045010943571924
-261.4990562569046 -261.49905678091216 5.240075324763893e-07
-262.8679206591613 -262.86792084342846 1.8426715087116463e-07
-301.05068170275547 -301.0506839334965 2.230741017683613e-06
-242.8023054722476 -242.80230868094466 3.208697052059506e-06
-253.00213929130103 -253.00213941088376 1.1958272239098733e-07
-287.80365460163506 -287.8036535468725 -1.0547625493018131e-06
-283.7295135669317 -283.8310051362704 0.10149156933869108
-274.63782798315594 -274.14563977965537 -0.4921882035005751
-270.71492676791604 -270.6428419520204 -0.07208481589566418
-277.3201147927494 -277.3325754028591 0.012460610109712889
-277.5376681280685 -277.5376689135723 7.855038006709947e-07
-266.8355874886142 -266.8498571343624 0.014269645748242965
-304.0427297478623 -304.25238109497934 0.20965134711701694
-282.15474605093254 -282.15474284560054 -3.2053320069280744e-06
-256.29784152296594 -256.1782854492617 -0.11955607370424559
-307.4693804951791 -307.5774900381674 0.10810954298830211
-248.53110889845246 -248.53110783496905 -1.0634834097800194e-06
-292.4100163777952 -292.41001889691694 2.5191217218889506e-06
-254.8670660392326 -254.8827961590336 0.015730119800991815
-283.8119199428821 -283.81191891318315 -1.029698978527449e-06
-264.8002822435451 -264.456307473753 -0.34397476979211206
-291.6406811067017 -291.64065678590566 -2.432079605796389e-05
-275.57115162313823 -275.5711520176025 3.9446427990696975e-07
-246.56227799457088 -246.56226041774678 -1.7576824092202514e-05
-294.20208789362914 -294.2020887827766 8.891474863048643e-07
-255.85934638770664 -255.85935226799575 5.880289108972647e-06
-240.89164678333094 -240.89164683328602 4.995507651983644e-08
-264.97840215971837 -264.7599516333797 -0.2184505263386427
-279.86233436449515 -279.8636282227154 0.001293858220265065
-246.69965208675575 -246.7063813226561 0.006729235900365893
-277.166290493079 -277.166291060697 5.676180308000767e-07
-241.49580351477385 -241.4958033199306 -1.9484326685415e-07
-239.92535199248644 -239.76264062765586 -0.16271136483058513
-265.12462115726544 -265.12462089285975 -2.644056849021581e-07
-299.8553220269247 -299.85531929083635 -2.7360883336768893e-06
-306.3611380118523 -306.3611298778131 -8.134039205742738e-06
-261.09472300536237 -261.13943880244784 0.04471579708547324
-256.19837005961136 -256.1983679956753 -2.0639360513996508e-06
-262.83762923915526 -263.0837638800334 0.24613464087815373
-244.03324190669375 -244.0332434488294 1.5421356636124983e-06
-234.62667303171858 -234.62667343964745 4.0792886579765764e-07
-230.3885964559383 -230.6219167266166 0.2333202706782913
-236.4476912263422 -236.44769128015702 5.3814829925613594e-08
-263.96495693702605 -263.96495713510586 1.9807981743724667e-07
-278.43960653704187 -278.4396019181147 -4.618927164301567e-06
-235.33890770427664 -234.9728332145125 -0.36607448976414503
-257.6233000874833 -257.6232998639832 -2.235000806649623e-07
-239.40361392100473 -239.4036143454727 4.244679701059795e-07
-230.72624372161462 -230.72624345220822 -2.694063994113094e-07
-220.91404939046953 -220.95183731199597 0.03778792152644428
-266.0878237408718 -266.0878241929503 4.520784955275303e-07
-279.05448126477563 -279.05448343021413 2.1654385022884526e-06
-303.9570729805079 -303.5102293248204 -0.44684365568753037
-266.4775679041026 -266.3844972021888 -0.09307070191380262
-287.8093076137043 -287.63327762577126 -0.1760299879330205
-247.19380667158399 -247.19380488758648 -1.7839975043898448e-06
-254.30309201506185 -254.30309118031755 -8.347442985723319e-07
-240.0492648579528 -240.04926193121798 -2.9267348224948364e-06
-301.37213459452295 -301.37213511160127 5.170783197172568e-07
-245.88600885801367 -245.59611373528307 -0.2898951227305986
-236.3301574343531 -236.27233009078427 -0.05782734356884589
-265.815642102706 -265.81564206625313 -3.645288870757213e-08
-256.66889184125984 -256.6416177962135 -0.027274045046340234
-284.4786301436518 -284.2810659981365 -0.19756414551528678
-303.13836151987493 -303.1383610381446 -4.817303533855011e-07
-269.7146609022774 -269.7146632605907 2.3583133383908716e-06
-266.5999479499012 -266.6251740973739 0.02522614747266516
-246.4495931307262 -246.44959320865536 7.792914402671158e-08
-290.8350482778229 -290.8327646110996 -0.0022836667233150365
-249.00284662404408 -248.07948727447373 -0.9233593495703474
-288.0388991972431 -288.0388992368111 3.956802174798213e-08
-279.50151356899954 -279.5315864706359 0.030072901636344795
-250.76422316655186 -250.77148143444066 0.007258267888801129
-251.6353373727686 -251.99574220356465 0.3604048307960568
-274.62077040237074 -274.6166221963953 -0.004148205975411656
-249.26295117438508 -249.03296230236361 -0.22998887202146534
-282.27696696575435 -282.2643820919251 -0.012584873829268872
-271.38798523869184 -271.38798546635866 2.2766681695429725e-07
-292.26623479494424 -292.26623493123924 1.3629500017486862e-07
-254.43511889040212 -253.8909970025766 -0.5441218878255256
-280.54287746688726 -280.5428444826921 -3.298419517250295e-05
-265.36404212360407 -265.3640425092597 3.8565565319004236e-07
-258.32720099254396 -258.14340494320254 -0.18379604934142435
-309.17780111233634 -309.3262956948303 0.1484945824939814
-246.85954248113188 -246.85954552384158 3.0427096930907283e-06
-255.2744529890233 -255.2744507182696 -2.2707536970756337e-06
-294.24742439263497 -294.4316894920319 0.1842650993969528
-261.6361600295378 -261.63616083884443 8.093066412584449e-07
-245.53905555681808 -245.53905529061464 -2.6620344328875944e-07
-267.73772792302464 -267.5915038373908 -0.1462240856338326
-268.58297831806806 -268.58297875025977 4.321917117522389e-07
-249.4164942186374 -248.4790344687123 -0.9374597499250967
-301.203351808848 -301.2033447109894 -7.097858599536266e-06
-283.0066380781561 -283.00663607559545 -2.0025606204399082e-06
-292.6720161302364 -292.6720146821935 -1.44804289448075e-06
-232.2842526112158 -232.28425221326333 -3.9795247630536323e-07
-333.9542644491061 -333.8183591725823 -0.1359052765238289
-269.0394302258024 -269.03936652302843 -6.370277395717494e-05
-299.2076377378007 -299.2076381435185 4.0571779891251936e-07
-264.5051209590574 -264.55745178991754 0.052330830860114474
-225.15974368341992 -225.0848817751274 -0.07486190829251882
-232.84031809131247 -232.8403179923061 -9.900637110149546e-08
-316.4137501712247 -316.41374981293 -3.582946987989999e-07
-283.5934338430786 -283.5934333946181 -4.484605256038776e-07
-265.2833899504572 -265.2871041733733 0.003714222916073595
-288.73793771205743 -288.7379448316318 7.119574377156823e-06
-296.26182049136725 -296.2617585719906 -6.191937666244485e-05
-248.4933691802251 -248.4933659016244 -3.2786007011509355e-06
-256.1018587913685 -256.1018589038358 1.1246731901337625e-07
-303.9634366882919 -303.9634367014086 1.3116732588969171e-08
-261.8162411330625 -261.81624131998745 1.8692497860683943e-07
-256.6499909656766 -256.6499903500267 -6.156498670861765e-07
-243.07424701069837 -243.0742468517468 -1.5895156479928119e-07
-278.8665786461838 -278.8665769937224 -1.652461435242003e-06
-288.58162516879634 -288.35269284999197 -0.22893231880436815
-308.06346814060424 -307.9752929940126 -0.08817514659165226
-281.4630182508711 -281.46301890485756 6.53986489851377e-07
-249.4498372116972 -249.07624455335818 -0.373592658339021
-256.9661858338253 -256.30759366794007 -0.6585921658852385
-269.80205641448515 -269.8020563726558 -4.1829366637102794e-08
-276.38625817809657 -276.3949138876867 0.008655709590129845
-250.510519499092 -250.51052139659683 1.8975048305946984e-06
-271.0545267956849 -271.0545223589128 -4.436772144345014e-06
-247.5358428905827 -247.44857489012858 -0.08726800045411665
-284.8813694664873 -284.8813668135475 -2.6529397700869595e-06
-297.81116142595835 -298.0385101721218 0.22734874616344314
-269.8274744719722 -269.5600976096878 -0.26737686228443636
-229.08522399427846 -229.08522637120615 2.376927682234964e-06
-266.2866567085474 -266.2866559011427 -8.074047173067811e-07
-250.0438759475187 -250.04387609052492 1.4300621842266992e-07
-243.79697787933333 -243.79698577843328 7.899099955466227e-06
-265.4426081088102 -265.4426083529506 2.441403808006726e-07
-256.6214427035575 -256.6214441681001 1.4645426062998013e-06
-284.5657772911348 -284.3112771713137 -0.25450011982110254
-286.72031618574454 -286.72031649496154 3.0921700044928e-07
-339.8734184838942 -339.8734211594254 2.675531163731648e-06
-282.51509923683614 -282.5150997864563 5.496201538335299e-07
-293.7729065192388 -293.54230049616893 -0.23060602306986766
-257.7573530503081 -257.75735523114383 2.1808357359986985e-06
-311.3092110969663 -311.309210893371 -2.0359527752589202e-07
-278.2455602701163 -278.2455606343749 3.6425859661903814e-07
-284.63527301182654 -284.63527458264406 1.5708175169493188e-06
-286.29654106261233 -286.29371145203737 -0.002829610574963226
-234.37147323870101 -234.30231049526427 -0.069162743436749
-274.3256119777555 -274.0424919008467 -0.28312007690880137
-259.95172301568823 -259.93841646092557 -0.013306554762664291
-274.8670697957052 -274.8670532146357 -1.658106953073002e-05
-261.06130071078235 -261.06129680085695 -3.909925396783365e-06
-262.1172197196141 -262.1172195372721 -1.8234203480460565e-07
-310.24027021551706 -310.2402700935901 -1.2192697340651648e-07
-265.1277368068364 -265.1277352744795 -1.532356918687583e-06
-240.84427764021274 -240.84427844580333 8.055905880155478e-07
-262.9175679799631 -262.91747319409416 -9.478586895284025e-05
-246.7546673484869 -246.75466761917954 2.7069265229329176e-07
-260.30080107287495 -260.3008017619756 6.891006592013582e-07
-258.7046959890586 -258.70469630977937 3.207207441846549e-07
-267.9018858602224 -267.9020401837745 0.000154323552067126
-231.20187717670964 -230.8377790128788 -0.36409816383084603
-288.47164996658955 -288.48164312895415 0.009993162364594355
-297.5850668749482 -297.5850294597109 -3.741523732969654e-05
-269.7776277117507 -269.7776267330711 -9.786796226762817e-07
-278.2860176981044 -278.2402763169331 -0.04574138117129678
-272.5138362092043 -272.6272608443845 0.11342463518019485
-256.00653833432375 -256.00653836898744 3.4663685255509336e-08
-312.507704756449 -312.4472796275235 -0.06042512892548757
-252.80235404663426 -252.80235355612035 -4.905139121547109e-07
-304.6937035770409 -304.69369380706206 -9.769978817075753e-06
-268.8260054962898 -268.54327078590467 -0.2827347103851139
-259.5299073629676 -259.52990707964426 -2.833233452292916e-07
-264.5701820362435 -264.5701841952764 2.159032874260447e-06
-256.56574938708115 -256.28271327635423 -0.28303611072692547
-286.820255241166 -286.8202563644529 1.1232868928345852e-06
-255.55510295862962 -255.55510231974986 -6.388797544332192e-07
-290.61895730958713 -290.61885069206664 -0.00010661752048690687
-232.83796385843408 -232.83795674143568 -7.116998403944308e-06
-268.2681921320746 -267.9557927310526 -0.3123994010219917
-263.1589606962349 -263.158961579816 8.835810945129197e-07
-255.45241008184166 -255.45240612038768 -3.961453984402397e-06
-244.82885007077735 -244.95747375426097 0.12862368348362452
-259.0508707923802 -259.05086875313395 -2.0392462261042965e-06
-263.7968555234089 -263.7801719771535 -0.01668354625542179
-305.8242535216359 -305.824136081593 -0.00011744004291358578
-257.99280835269263 -257.52488078426563 -0.467927568427001
-270.34371725304175 -270.34371965999617 2.4069544224403217e-06
-270.8232080151597 -270.3962586032354 -0.4269494119242836
-262.64084894477685 -262.64084881122665 -1.3355020200833678e-07
-250.18501117089727 -250.18501167668546 5.057881935499609e-07
-313.7230544874996 -313.72305019798836 -4.289511252864031e-06
-251.77370714360424 -251.7737076243858 4.807815514595859e-07
-268.57993176392944 -268.56136677450553 -0.01856498942390772
-235.30413878337458 -235.3041386398207 -1.4355387634168437e-07
-236.16130806135516 -236.16130760168625 -4.5966891093485174e-07
-313.81531954403704 -313.8153201578627 6.138256480880955e-07
-267.091460203654 -267.09142806878083 -3.213487315179009e-05
-256.93733767618846 -256.93733764856137 -2.7627095278148772e-08
-246.01667661303253 -245.99996375970272 -0.016712853329806876
-260.2941014514206 -260.2594764400534 -0.0346250113672113
-255.75135220056717 -255.8370653131017 0.08571311253453473
-294.76875548635485 -294.76869862986484 -5.685649000497506e-05
-272.72805141305497 -272.72805141817906 5.124093149788678e-09
-265.7779064128006 -265.77790801919815 1.6063975749602832e-06
-277.04479125442623 -277.04479101619347 -2.3823275796530652e-07
-210.28684988964528 -210.31575578785035 0.028905898205067615
-256.56405669371884 -256.5538077720936 -0.010248921625247931
-288.4542073223493 -288.45420665611516 -6.662341434093833e-07
-267.1365205858748 -267.13652147591574 8.900409511625185e-07
-240.34680719231815 -240.34680737272268 1.80404526872735e-07
-297.29595616865225 -297.2204592626491 -0.07549690600313852
-280.4183809730839 -280.4183806720775 -3.010064233421872e-07
-270.3129003183461 -270.3128997985245 -5.198216399548983e-07
-292.6446761219997 -292.6394507778121 -0.0052253441875791395
-249.83152363441496 -249.83152356711503 -6.729993629051023e-08
-257.975435440887 -258.0244977051081 0.04906226422110649
-283.10686144338166 -283.1068027776723 -5.8665709332217375e-05
-271.11813194802187 -270.6035834473032 -0.5145485007186608
-253.0579863498799 -253.0579862429058 -1.0697411312321492e-07
-253.7652360133387 -253.49529890801765 -0.2699371053210484
-259.684106993049 -259.68410708278225 8.973324838734698e-08
-262.60796815598326 -261.3621252797134 -1.2458428762698759
-217.61793302409433 -217.6179336132829 5.891885734854441e-07
-299.27957975191924 -299.27958049293915 7.41019903216511e-07
-276.0716779914749 -275.8505539559569 -0.22112403551801663
-288.0933856988817 -288.0933874811574 1.782275660389132e-06
-284.65936739464377 -284.65936808463016 6.899863933540473e-07
-242.99709488774255 -242.99709601035585 1.1226132983210846e-06
-268.05353680891164 -268.0535345173718 -2.2915398290024314e-06
-309.87328550988184 -309.87327587146103 -9.63842080636823e-06
-277.06830790045734 -277.06830037521894 -7.5252384021951e-06
-281.74795584857344 -281.74792541753084 -3.0431042603140668e-05
-259.9952543936654 -259.55485204908825 -0.44040234457713723
-249.26882995486196 -249.26882945684636 -4.980155949851905e-07
-252.74534445018332 -252.74534330199802 -1.1481853050554491e-06
-274.5853626803713 -274.5853651198391 2.4394677780037455e-06
-303.95302526156297 -303.9530240791067 -1.1824562875517586e-06
-220.9815416934755 -220.98154169902648 5.550987225433346e-09
-243.82169836616606 -243.82169863191243 2.657463653576997e-07
-299.1014361452905 -299.4427714176656 0.3413352723750904
-256.202704960294 -256.095117837127 -0.10758712316697938
-250.82381326445787 -250.56374135680554 -0.2600719076523319
-271.5395240578141 -271.8336184283411 0.2940943705269774
-281.71260105587436 -281.71258920385725 -1.1852017109958979e-05
-263.43472387496126 -263.4041908199337 -0.030533055027547107
-300.29312123728596 -300.29312098492005 -2.523659077269258e-07
-218.87719024573488 -218.87718859920864 -1.6465262433484895e-06
-251.00024159885365 -251.0002421040076 5.051539631040214e-07
-308.83684385052464 -308.8368431539209 -6.966037631173094e-07
-295.04488259402615 -295.0689407723169 0.024058178290772503
-311.82948008100067 -311.8294814482259 1.3672252521246264e-06
-316.59671197620384 -316.5967120859328 1.0972894415317569e-07
-263.3741949087394 -263.3741945828803 -3.2585910503257765e-07
-275.3775638192276 -275.377506546268 -5.727295956603484e-05
-273.9597494252038 -273.99700216403073 0.037252738826907716
-268.54608220761224 -268.5460889694608 6.761848567293782e-06
-226.27850960691978 -226.24847894773765 -0.030030659182131103
-281.1796783976615 -281.1796790977435 7.000819550739834e-07
-237.49566841687636 -237.82153009605366 0.3258616791773079
-245.44944222524546 -245.4997022427389 0.05026001749342868
-265.08343875153054 -265.1781865234712 0.09474777194066064
-256.6409712762942 -256.62512472467034 -0.015846551623837968
-278.19866800424927 -278.1907854326547 -0.00788257159456407
-291.4358888472513 -291.3037074946609 -0.13218135259040764
-285.4770607628333 -285.4770608690683 1.0623500656947726e-07
-259.0892377542583 -258.5483395362899 -0.5408982179683903
-241.49183018450213 -241.4918305337809 3.4927876413348713e-07
-260.2855664498164 -260.2855671951852 7.453688226632948e-07
-226.6560557714438 -226.6560562236089 4.521651248978742e-07
-281.42663838911886 -281.4266424360267 4.046907861265936e-06
-286.75903764143374 -286.7590106056452 -2.7035788548346318e-05
-266.6514151077124 -266.6514169086446 1.800932182050019e-06
-244.83297962977457 -244.83305481749778 7.518772321191136e-05
-262.13153239075257 -261.7033918472579 -0.4281405434946919
-261.3209498244737 -261.32094514330726 -4.6811664446977375e-06
-295.52754153383637 -295.6921294497515 0.1645879159151491
-297.5671354858085 -297.5670891567763 -4.632903215906481e-05
-230.59680574593577 -230.59680579013207 4.419629817675741e-08
-271.79465316859824 -271.7946618536645 8.685066234193073e-06
-276.3192761025408 -276.3192761865557 8.401491413678741e-08
-298.0046979212971 -298.00469361569066 -4.305606466914469e-06
-242.811138861354 -242.81114118431722 2.322963212009199e-06
-279.23755583347264 -279.23755569328006 -1.4019258287589764e-07
-258.15173191567254 -258.15173287789804 9.622254992791568e-07
-289.0117858748195 -289.0117778456657 -8.029153832467273e-06
-242.3522832888138 -242.3522830729424 -2.1587138121503813e-07
-261.2755018195674 -261.2755016900881 -1.2947930372320116e-07
-247.52392529865898 -247.52392529634764 -2.311338676008745e-09
-282.44054213958304 -282.7490743700255 0.30853223044243805
-257.46448493131 -257.5859432762594 0.1214583449494171
-275.067813206751 -275.06766124391356 -0.00015196283743534877
-241.95455300714568 -242.124038275073 0.169485267927314
-297.71782200759054 -297.717818636963 -3.3706275530676066e-06
-256.9827173533039 -256.9827250879399 7.734636028544628e-06
-265.7569287501878 -265.70995808258414 -0.04697066760365942
-253.78409151120505 -253.78409221501738 7.038123328584334e-07
-265.48573855465213 -265.48574342434114 4.86968900759166e-06
-210.74803290218176 -210.7480309847628 -1.917418956054462e-06
-249.35648347541363 -249.35648187840602 -1.5970076105986664e-06
-208.11833881991475 -208.1184546882588 0.00011586834403942703
-240.5778226129466 -240.5676335216002 -0.010189091346404666
-263.2011153251197 -263.201115224966 -1.0015372708949144e-07
-280.9699592700315 -280.9699565547039 -2.715327582336613e-06
-237.28033550976778 -237.06967403101447 -0.21066147875330898
-263.5370891630822 -263.53709002960153 8.665193149681727e-07
-246.5765504791049 -246.57655169286772 1.213762828911058e-06
-258.4365916743183 -258.4280978754565 -0.008493798861820778
-342.6324089316615 -342.630627424474 -0.001781507187445186
-245.14966867017316 -245.14966815405032 -5.161228386896255e-07
-315.15672562919207 -315.2068603366574 0.05013470746536086
-251.81624841661602 -251.81624681396536 -1.6026506557409448e-06
-276.5316172027763 -276.0785245917234 -0.45309261105290943
-251.47006412473814 -251.39888642002583 -0.0711777047123121
-273.1943813890604 -273.1473546949515 -0.04702669410892213
-264.82627977864803 -264.8262812121322 1.4334841580421198e-06
-248.2290391120634 -248.3712034243947 0.14216431233131743
-271.1317270617705 -270.9111243416808 -0.22060272008968695
-269.28432068236646 -269.1358524185261 -0.14846826384035694
-259.1929143661943 -259.1929167016065 2.3354122049568105e-06
-274.3211549899858 -274.3211551362924 1.463066041651473e-07
-283.3037921284172 -283.3715657176758 0.06777358925864974
-246.99893402538822 -246.9989322916447 -1.7337435167519288e-06
-272.42092640411806 -272.4209282864816 1.8823635627995827e-06
-224.02888652439017 -223.98651734076853 -0.04236918362164488
-273.9697207677798 -273.9697104763045 -1.0291475291523966e-05
-286.0094138263685 -286.00940991836563 -3.9080028386706545e-06
-252.5735461939369 -252.71219936332022 0.13865316938333194
-291.82917062151336 -291.82916565647264 -4.965040716342628e-06
-254.26134826136658 -254.26134798204106 -2.7932551915910153e-07
-282.27273893863907 -282.27268672427226 -5.221436680358238e-05
-286.7052131620471 -286.7304918050481 0.02527864300100191
-239.19553443080667 -239.19553359927798 -8.315286947890854e-07
-231.0878292717088 -231.2312774544467 0.14344818273789883
-294.8163169099996 -294.81628311224887 -3.37977507456344e-05
-273.3091649850139 -273.30916419077323 -7.942406909933197e-07
-243.17142882382458 -243.98899682977685 0.8175680059522676
-231.3510121849913 -231.50463179297785 0.15361960798654195
-283.815110192461 -283.81510107571444 -9.11674658254924e-06
-252.21396700111384 -252.03833748849416 -0.17562951261967896
-307.0016652590244 -307.001660808584 -4.45044037178377e-06
-255.14890681716827 -255.09463251859472 -0.05427429857354582
-271.64736662844086 -271.41517694740503 -0.23218968103583393
-306.8453363123189 -306.84533802152106 1.7092021380449296e-06
-250.55820018805684 -250.55820045744548 2.693886358429154e-07
-231.68930686345976 -231.68931075329522 3.889835454629065e-06
-259.1034050307356 -259.1034054775992 4.4686362343782093e-07
-254.42634874094796 -254.42635010940126 1.3684532973456953e-06
-250.1231000987191 -250.03492952839724 -0.08817057032186426
-254.12011330779356 -254.34008991518976 0.21997660739620528
-302.44145122234653 -302.44145125499796 3.265142822783673e-08
-261.14183197353486 -261.14183371274703 1.7392121662851423e-06
-292.8335228737436 -292.6132201443267 -0.22030272941691464
-246.9006308584228 -246.32216499385316 -0.5784658645696368
-286.1510654250279 -286.15106268636066 -2.7386672627471853e-06
-247.75180825001885 -247.01168004329764 -0.7401282067212094
-245.03294808978734 -245.10532802261108 0.07237993282373623
-228.7749759834418 -228.77497381903504 -2.1644067658144195e-06
-324.43717052996055 -324.43716735271045 -3.1772501074556203e-06
-233.48075442574935 -233.41761681344545 -0.06313761230390469
-274.6045021560839 -274.60794325886263 0.0034411027787086823
-240.82151516671263 -240.53507628995973 -0.2864388767528965
-258.41485728243873 -258.41485745502337 1.725846345834725e-07
-324.33596141529733 -324.335962201062 7.857646551201469e-07
-249.394555111674 -249.42905774703863 0.03450263536461762
-267.31931149910565 -267.289111666324 -0.03019983278164773
-291.3735880380014 -291.03999555874174 -0.3335924792596643
-287.8744125804969 -287.87441251256274 -6.793413831474027e-08
-240.2233914228105 -240.18559467942083 -0.03779674338966288
-294.35327735584644 -294.35327757339076 2.1754431145382114e-07
-266.96569120504546 -266.9656882018064 -3.0032390441192547e-06
-286.24063481542794 -286.2227895393469 -0.017845276081061456
-291.4083097204704 -291.40826962549545 -4.0094974963267305e-05
-232.41565048691893 -232.41564976521155 -7.217073800802609e-07
-239.77203957077646 -239.7421289908639 -0.02991057991255275
-248.78616805073304 -248.74974220879204 -0.036425841940996406
-266.6792816778605 -266.679281750556 7.269551360877813e-08
-262.97042526616633 -262.9704251870597 -7.910665544841322e-08
-273.9645279989368 -273.9645176397822 -1.0359154600791953e-05
-244.84429700817898 -244.84429682361994 -1.8455904182701488e-07
-308.537322166382 -308.5373196481859 -2.518196083656221e-06
-273.8021518707563 -273.8021043213401 -4.75494161946699e-05
-295.63993227623644 -296.06467961710507 0.42474734086863464
-316.534623930407 -316.4915411599662 -0.043082770440832974
-247.73551448146623 -247.73551380748444 -6.739817877132737e-07
-318.2352700700279 -318.23526712115626 -2.9488716677406046e-06
-243.15702357097476 -243.15702305317933 -5.177954278678953e-07
-273.7951509199187 -273.79515107704555 1.5712686263213982e-07
-266.88476645082557 -266.79546335278735 -0.08930309803821501
-277.15791103974874 -277.1066374467405 -0.05127359300826129
-228.10224466021313 -228.20718365629057 0.10493899607743629
-245.77007377219294 -244.51473658531367 -1.2553371868792738
-270.49992472751984 -270.31701072060497 -0.1829140069148707
-270.45113576755375 -270.4403217474561 -0.010814020097654975
-256.6081114673364 -256.60807680440985 -3.46629265663978e-05
-267.17419456638356 -266.64179096548753 -0.532403600896032
-268.46480042167656 -268.46479980860306 -6.130734959697293e-07
-259.50196081358496 -259.50196155352256 7.399376045214012e-07
-288.40265616913496 -288.3116960072182 -0.09096016191676881
-307.2823788735674 -307.28237956305037 6.89482988036616e-07
-269.80960910489296 -270.14908800166006 0.33947889676710474
-296.295354629359 -296.2953544855193 -1.4383971347342595e-07
-293.87444752373847 -293.8743319452391 -0.00011557849938981235
-271.77432688112094 -271.77432626703444 -6.140865025372477e-07
-243.34636984961622 -243.4165088531369 0.07013900352066571
-285.0963793297919 -285.0963765738708 -2.755921059360844e-06
-325.1020327698959 -325.1020321782561 -5.916398322369787e-07
-272.4831309401872 -272.44313470165014 -0.03999623853707135
-287.55159427922024 -287.551594685621 4.0640077259013196e-07
-286.8825631925833 -286.85354885104266 -0.02901434154063054
-294.20178574613914 -294.2017869100324 1.1638932733148977e-06
-263.2289327296742 -263.22354018123536 -0.005392548438862832
-277.1879495581224 -277.1879496870546 1.2893218581666588e-07
-279.9470942023898 -279.94707646159134 -1.7740798455179174e-05
-278.3205017325405 -278.09119928969034 -0.22930244285015533
-276.5679819156642 -276.56798320632447 1.2906602933071554e-06
-254.17332797883142 -254.80294998487187 0.6296220060404494
-295.62312440152317 -295.66023765469674 0.0371132531735725
-248.84128006280326 -248.84128333277607 3.269972808084276e-06
-257.4069417256362 -257.5320106977543 0.125068972118072
-255.69146032453074 -255.69146019765992 -1.2687081607509754e-07
-222.34124066973533 -222.34124022671196 -4.4302336732471304e-07
-246.97771676751887 -247.50345434465567 0.5257375771367947
-245.43899842453726 -245.34383430933153 -0.09516411520573342
-255.58662084220705 -255.58653143414497 -8.940806208102003e-05
-268.4810104575058 -268.43690571723874 -0.04410474026707334
-277.68223071093166 -277.682232703504 1.9925723222513625e-06
-232.47481204658447 -232.47481591439126 3.867806782409389e-06
-218.0186290640156 -218.01862951139262 4.473770047752623e-07
-254.34129178829792 -254.3412912147964 -5.735015236041363e-07
-252.81314781994814 -252.80627689140545 -0.00687092854269622
-269.27820262728477 -269.27819866551647 -3.9617683000869874e-06
-276.4156804313627 -276.41567722859185 -3.202770869847882e-06
-313.7836977636807 -313.54605322289916 -0.2376445407815595
-255.97593764233685 -255.97593968313868 2.040801831526551e-06
-270.914453891993 -270.91445524804186 1.356048869638471e-06
-258.0317036798206 -258.0317034483432 -2.3147742922446923e-07
-217.90031282049384 -217.87464898973442 -0.02566383075941303
-228.7280055386778 -228.72802186235177 1.6323673975193742e-05
-248.02607414236104 -248.02607434335542 2.0099437847420631e-07
-305.891960651731 -305.92614377126864 0.03418311953765851
-267.24212383087524 -266.85217928401903 -0.3899445468562135
-252.90219315334804 -252.88025559716613 -0.021937556181910622
-216.1970381855248 -216.22484590987517 0.02780772435036738
-276.89425641345355 -276.8843152288914 -0.00994118456213755
-275.17418540336763 -275.1740252987803 -0.00016010458733717314
-242.95801353621476 -242.95801600415277 2.467938003292147e-06
-266.7214210241983 -266.7214504069911 2.9382792774867994e-05
-296.38651371878524 -296.3865322109681 1.8492182846330252e-05
-250.83962634343737 -250.8396256605666 -6.828707626027608e-07
-271.4332970826712 -271.430906578382 -0.0023905042891669837
-232.90225456011092 -232.90225335634327 -1.2037676526688301e-06
-235.00948179355112 -235.00948233711085 5.43559735888266e-07
-256.5466882915641 -256.5466867469489 -1.5446152019649162e-06
-239.39300604114442 -238.67599242143555 -0.7170136197088652
-307.08798002253695 -307.0372660650161 -0.05071395752082708
-266.63558990603946 -266.8054881282083 0.16989822216885386
-254.8678846148024 -254.56269401977087 -0.3051905950315188
-209.59131768276254 -209.59132271675995 5.033997410919255e-06
-289.47889888033745 -289.47885991613356 -3.896420389537525e-05
-243.53542032725022 -242.96455235685693 -0.5708679703932944
-246.73866373906722 -246.73865837931677 -5.359750446132239e-06
-257.8476964195039 -257.84769653362747 1.1412356570872362e-07
-287.58190192290795 -287.5819021185076 1.9559968222893076e-07
-216.35850436536572 -216.3586680202858 0.00016365492007253124
-291.3198001459537 -291.3197998768831 -2.6907059691438917e-07
-246.69547003610182 -246.6954678877131 -2.1483887167050852e-06
-294.3983047098593 -294.3802740339279 -0.018030675931413498
-276.8536743576077 -276.96570633281124 0.1120319752035357
-249.66710592123138 -249.6772224455733 0.01011652434192456
-244.748342508128 -244.69866304481286 -0.049679463315129624
-277.07986893646284 -277.07986887762087 -5.8841976624535164e-08
-313.4020755909099 -313.40205558120874 -2.0009701131584734e-05
-300.6318110584307 -300.631812070552 1.0121212881131214e-06
-243.7215487211867 -243.72154607761766 -2.643569047222627e-06
-297.2707018377866 -297.23715394310466 -0.03354789468193076
-243.35817640525624 -243.35817650021627 9.49600291733077e-08
-277.81730374095173 -277.81730348948713 -2.514645984774688e-07
-272.4318726428999 -272.4318726233665 -1.9533445083652623e-08
-270.52451269893 -270.5205170345224 -0.003995664407568711
-269.9583308263547 -269.5413789073491 -0.4169519190056121
-295.66007336164097 -295.6600556541599 -1.7707481049455964e-05
-291.9443108152678 -291.9443090980777 -1.7171900594803446e-06
-291.87258930033727 -291.87258490067325 -4.399664021548233e-06
-241.26817660676764 -241.2681766660113 5.9243660643915064e-08
-271.06978804790725 -271.06977896489434 -9.083012912469712e-06
-210.02211886213377 -210.02211810189573 -7.602380378557427e-07
-221.38069760158325 -221.4078361495596 0.027138547976363725
-273.07525167898336 -273.0292946306999 -0.04595704828346925
-251.46303317417772 -251.46303495564067 1.7814629416079697e-06
-247.60484511573353 -246.92803350360677 -0.6768116121267553
-262.25922584873365 -262.25922514924997 -6.994836780904734e-07
-290.22153480876267 -290.2215346199395 -1.888231508928584e-07
-300.1891154984522 -300.18911509157033 -4.0688189528736984e-07
-255.9282109994893 -255.55230488443448 -0.37590611505481775
-243.98876143353692 -243.9887617192212 2.856842797882564e-07
-252.9775210703611 -252.8783138915423 -0.09920717881880137
-275.7251854761442 -275.5992012429083 -0.12598423323589714
-225.47254863665492 -225.47254955507302 9.184180953525356e-07
-313.1344070315367 -312.8500368624877 -0.2843701690489979
-273.3015455248668 -273.30154536211296 -1.6275384950859006e-07
-259.9184884970999 -259.91848760838207 -8.887178069016954e-07
-263.0753864873791 -263.0753862219113 -2.654678041835723e-07
-288.1963092786286 -288.19630985576055 5.77131970658229e-07
-259.9675558361756 -259.88273246215806 -0.08482337401756013
-290.3580884600539 -290.3093528113316 -0.04873564872229963
-232.41977084969645 -232.5188998650203 0.09912901532385376
-275.10527225731437 -275.1052727855106 5.281962103254045e-07
-284.4334988889443 -284.34230388776035 -0.09119500118396218
-306.1471296820142 -306.1471270846434 -2.5973708375204296e-06
-312.506721572588 -312.49499786767296 -0.01172370491502761
-224.44090248763445 -224.19524271713115 -0.2456597705032948
-257.3073604440903 -257.30735535421854 -5.089871763175324e-06
-256.7291715003996 -257.3690908198208 0.6399193194212103
-261.8876401542213 -261.88763768913776 -2.4650835257489234e-06
-274.26923849804524 -274.26923482806114 -3.669984096177359e-06
-247.39153445113203 -247.37354552925225 -0.017988921879776854
-271.06399252704483 -270.9697347308383 -0.0942577962065343
-275.3706998447072 -275.2817148820176 -0.08898496268960798
-229.4261146737613 -229.4271849464491 0.001070272687798024
-274.4053409670645 -274.4053408478444 -1.192200898003648e-07
-271.28417588679696 -271.28417603309725 1.4630029454565374e-07
-292.01748669087226 -292.0174241183674 -6.257250487351484e-05
-271.1626272892213 -271.1626268622408 -4.269804776413366e-07
-276.8139937196976 -276.81399590027047 2.180572892029886e-06
-247.6365894892926 -247.58973620524563 -0.04685328404696065
-257.9275100115875 -257.9275105808107 5.692231752618682e-07
-258.4948496451843 -258.47228756810773 -0.02256207707654312
-259.7983335879338 -259.6867098457146 -0.1116237422192512
-239.12309064998973 -238.5711856075664 -0.5519050424233285
-288.6651356904987 -288.6037595152597 -0.06137617523899053
-251.99021506016044 -251.99021478527888 -2.748815575159824e-07
-241.49572502204856 -241.49572468574542 -3.363031453318399e-07
-265.7636294574046 -265.7635921398559 -3.7317548674309364e-05
-275.624204828387 -275.62420470362616 -1.247608452104032e-07
-346.344750322698 -346.4413680184339 0.09661769573585843
-262.1004167246384 -262.095351849017 -0.005064875621428655
-267.59609551667927 -267.596096069239 5.525597543964977e-07
-235.92491581709857 -235.92491325000282 -2.567095748418069e-06
-300.9228873821075 -300.922883242129 -4.139978500461439e-06
-265.9098093955185 -266.26134118654954 0.35153179103105003
-275.39422510075815 -275.3941005228084 -0.00012457794974807257
-247.15455946277797 -247.15455981186514 3.490871733902168e-07
-304.4243910803755 -304.42439354118125 2.4608057174191345e-06
-236.1507921422148 -235.66784979520943 -0.48294234700537686
-274.8963597321848 -274.8963432456745 -1.648651033292481e-05
-278.32196585256895 -278.3065617142345 -0.015404138334474737
-269.53026504847315 -268.8624298883358 -0.667835160137372
-294.6856440389314 -294.6856467303622 2.691430779577786e-06
-294.0363145037948 -294.0244663129527 -0.011848190842101758
-271.3494754335833 -271.1116458782245 -0.23782955535875772
-300.10436485203155 -300.1043602276871 -4.62434445580584e-06
-281.9609481851439 -281.9609472011466 -9.839972676672915e-07
-277.87157617127997 -277.87157550437735 -6.669026220151864e-07
-285.45703683564545 -285.3090729157584 -0.14796391988704727
-291.74490087854286 -291.74486081561105 -4.00629318164647e-05
-276.85583001671813 -276.84363042844245 -0.012199588275677797
-286.693292067922 -286.6932695888702 -2.247905183594412e-05
-274.28802748157057 -274.2880321981939 4.7166233230200305e-06
-329.07773889197665 -329.0777381001371 -7.918395681372203e-07
-271.37296983010697 -271.37296955810444 -2.720025236158108e-07
-237.33461126497224 -237.33461159874807 3.3377583008586953e-07
-247.91703213093217 -247.5050370914814 -0.41199503945077254
-240.34787333125877 -240.3478737038286 3.7256984342093347e-07
-229.60152595558225 -229.60152600306307 4.748082460537262e-08
-298.64868976417426 -298.64868920064106 -5.635332058773201e-07
-262.5815380510383 -262.58153871917085 6.681325430690777e-07
-253.40849185681594 -253.13419225565815 -0.27429960115779295
-291.32138354892913 -291.32138288524476 -6.636843750129628e-07
-292.71312439174545 -292.71312491038714 5.186416842661856e-07
-245.42269197479408 -245.4226897640951 -2.210698966109703e-06
-284.3505003431736 -284.35050107153563 7.283620107045863e-07
-302.23336267702507 -302.17424177688997 -0.059120900135098964
-248.38074725226133 -248.38074700595968 -2.463016528508888e-07
-249.6393542627453 -249.76311979532773 0.12376553258243916
-260.82031691585047 -260.79738534973916 -0.02293156611131053
-305.0862619007026 -305.0862623405189 4.398162900542957e-07
-253.50390817085707 -253.50391151535322 3.344496150248233e-06
-250.87874336924415 -250.87874353439798 1.6515383549631224e-07
-277.63526488914346 -277.6352639999098 -8.892336609278573e-07
-268.59304584361394 -268.73302037311976 0.139974529505821
-307.38552368658696 -307.38552374694535 6.035838850948494e-08
-286.8946445438472 -286.8946433236468 -1.2202004313621728e-06
-300.57090884671493 -300.04589505640126 -0.5250137903136647
-248.78580648995737 -248.78580660546965 1.1551227885320259e-07
-225.8869517231073 -225.88695187440806 1.5130075325942016e-07
-289.5408200242672 -289.5408215687069 1.5444397263308929e-06
-247.39366006758615 -247.39366008382677 1.6240619515883736e-08
-286.9326938400461 -287.17332145918704 0.24062761914092334
-276.9602970256973 -276.4614345982733 -0.498862427424001
-238.87351075041607 -238.87351067794833 -7.246774202940287e-08
-260.0009570657374 -260.0449456563782 0.04398859064082217
-266.97290467536175 -266.97290509124093 4.1587918531149626e-07
-312.9775220936607 -312.5087044931683 -0.4688176004924003
-293.10075142571355 -293.6124210153038 0.5116695895902694
-280.00020633807935 -280.00020530049795 -1.0375813985774585e-06
-295.81470203829986 -295.81470173910446 -2.9919539201728185e-07
-246.42158061253403 -246.4215815870023 9.74468264303141e-07
-285.65986674750866 -285.6598566941567 -1.0053351957139967e-05
-247.4680328974585 -247.46803453917468 1.6417161816661974e-06
-304.76122939753503 -304.76122275650414 -6.6410308932063344e-06
-332.7763886278038 -332.7511655019355 -0.025223125868308216
-281.1037836398326 -281.1037834530424 -1.8679020286072046e-07
-287.9859991701973 -287.9859991754048 5.207482445257483e-09
-247.70838109822637 -247.70837181073205 -9.287494322052225e-06
-308.0239813901098 -308.02395263687356 -2.875323622220094e-05
-274.85134140783305 -274.79097726893156 -0.06036413890149106
-260.0337390507554 -260.03373986289887 8.121434689201124e-07
-266.4895575808241 -266.4895572982087 -2.826154172907991e-07
-261.0939123992082 -261.093908564227 -3.834981214367872e-06
-261.7243456038306 -261.7243454992862 -1.0454442644913797e-07
-315.7653787172934 -315.7653780705268 -6.467665798481903e-07
-247.0223712156443 -247.02237113913793 -7.650638167433499e-08
-278.48818540793957 -278.37791836312977 -0.11026704480980243
-262.62654528977026 -262.626545127387 -1.6238328726103646e-07
-217.96401061977687 -217.96401059068407 -2.9092802833474707e-08
-256.4527294877347 -256.4527307162357 1.2285009916013223e-06
-280.7937222570851 -280.61137859219457 -0.18234366489053855
-263.28398568063767 -263.28398501385357 -6.667841034868616e-07
-266.32540504902636 -266.32540583865057 7.896242095739581e-07
-247.86675338177778 -247.8332710345271 -0.033482347250696876
-255.52307078000425 -255.52309913782926 2.8357825016200877e-05
-263.988173148477 -263.98816684290455 -6.3055724695004756e-06
-223.68584823786085 -223.6858473269818 -9.108790663958644e-07
-249.19718086773838 -249.3781638834991 0.18098301576071663
-305.84456558098714 -305.84450950482875 -5.607615838698621e-05
-303.3320189781662 -303.33202588482624 6.906660019012634e-06
-242.4610627603019 -242.34401228273603 -0.1170504775658685
-260.59177312580493 -260.5917752763435 2.15053859164982e-06
-262.72619239171325 -262.40157041829417 -0.3246219734190845
-301.64510694916953 -301.6451077367077 7.875381697886041e-07
-244.2273830072956 -243.9983249514542 -0.22905805584139216
-280.79608768642845 -280.79608815599437 4.69565918592707e-07
-290.6425576177528 -290.6425606422612 3.0245083735280787e-06
-284.21113483276054 -284.2111351729854 3.4022485806417535e-07
-240.4993342176576 -240.3858786234639 -0.11345559419370943
-288.23063500566695 -288.2274190638817 -0.0032159417852426486
-261.033971570106 -260.13022755669294 -0.9037440134130748
-253.3780883948153 -253.37808870752264 3.127073284758808e-07
-272.3549656508684 -272.35496761415976 1.9632913677014585e-06
-239.64655855441657 -239.6465586793841 1.249675278813811e-07
-299.48276118268075 -299.4827605531313 -6.295494472396967e-07
-264.9504199277959 -264.9504195989413 -3.2885458267628564e-07
-226.4592016631246 -226.27632804301285 -0.18287362011173514
-298.0035625300045 -298.00356333589735 8.058928528953402e-07
-295.4955107674405 -295.49546792122055 -4.284621996930582e-05
-276.26350677326076 -275.9267356091409 -0.33677116411985253
-288.49615505766155 -288.4204525434721 -0.07570251418945873
-247.81310777481764 -247.19264019867148 -0.6204675761461544
-260.96497222933175 -260.9649727790074 5.496756330103381e-07
-274.3265629358357 -274.326562723993 -2.1184268916840665e-07
-274.9045678468104 -274.90457034043743 2.493627050625946e-06
-254.21371912769877 -254.4004172616085 0.18669813390974355
-274.41757482022433 -274.4175752669186 4.466942868930346e-07
-244.64701786473697 -244.42721625057843 -0.21980161415854127
-273.48488072948544 -273.4848804682851 -2.61200341356016e-07
-233.81960418800406 -233.81960465516747 4.6716340307284554e-07
-295.61582370921906 -295.61564351039954 -0.00018019881952113792
-275.8903438801692 -275.7127282215898 -0.17761565857938422
-274.1651662992831 -274.1651665063312 2.0704811731775408e-07
-268.621297662095 -268.55367741570535 -0.06762024638965158
-257.54494691202444 -257.6039647312319 0.059017819207440425
-266.43655926949947 -266.4381232553684 0.0015639858689269204
-267.95422748967354 -267.8798709554896 -0.0743565341839485
-269.03453967120953 -269.03453957092995 -1.0027957841884927e-07
-290.4467421336868 -290.4467416257528 -5.079340326119564e-07
-266.0719857138309 -266.0719855591423 -1.5468856418010546e-07
-276.43747076523937 -275.778474646486 -0.6589961187533504
-250.14686066504194 -250.14685973593373 -9.291082108120463e-07
-267.9702392835338 -267.9702395452249 2.616911274344602e-07
-258.55181809757414 -255.65749120617102 -2.894326891403125
-271.851637831256 -271.85163819472734 3.6347131526781595e-07
-241.2900512300514 -241.30206924455103 0.012018014499631136
-263.31723763528026 -263.3172383785928 7.433125119860051e-07
-245.52360713555333 -245.52360672298414 -4.125691930312314e-07
-263.5280306479092 -263.4190598178463 -0.10897083006290131
-190.75570118476116 -190.7557005820599 -6.027012773301976e-07
-230.25188051676722 -230.25188122595134 7.09184121205908e-07
-269.28003569459497 -269.2800257005373 -9.994057677431556e-06
-276.37056049353833 -276.1054639278349 -0.26509656570345896
-299.4704944623705 -299.47049378785783 -6.745126484020147e-07
-287.786531771122 -287.7865325201004 7.48978436604375e-07
-248.02616663632173 -248.02616651965818 -1.1666355703709996e-07
-254.85411479551698 -254.93364191477556 0.0795271192585858
-274.2891465382281 -274.28914743030623 8.920781056076521e-07
-306.29112917344503 -306.29112876694126 -4.0650377286510775e-07
-229.25327103162087 -228.72633164591565 -0.5269393857052194
-287.22215935284896 -287.22215860049937 -7.523495924033341e-07
-240.03071401954267 -240.03071686762775 2.8480850744472264e-06
-306.71573301827004 -306.64767971200877 -0.0680533062612767
-318.267287545827 -318.2672882204576 6.746305984961509e-07
-219.31514280917008 -219.2790837647628 -0.03605904440729546
-240.35231973038563 -240.35231998261492 2.5222928456969385e-07
-237.3056234543569 -237.85124333804296 0.5456198836860722
-242.8278771213184 -242.82787682568068 -2.9563773296104046e-07
-222.76258423399395 -221.96346109320893 -0.7991231407850137
-286.11043311573593 -286.11043367961094 5.638750053549302e-07
-283.1373136581574 -283.1373131419704 -5.161869580661005e-07
-291.22274237324893 -291.2227377784433 -4.594805659507983e-06
-322.6914609880257 -322.6914599849103 -1.003115414732747e-06
-290.2214736173822 -290.2214674938381 -6.123544096681144e-06
-262.21189244389535 -262.21189247483653 3.09411802845716e-08
-250.09108888997207 -250.09109036114063 1.4711685594193114e-06
-294.5332415788929 -294.5332418357958 2.5690292204672005e-07
-262.6669021111367 -263.05810356215363 0.3912014510169115
-286.1799850485364 -286.17998476317865 -2.853577711903199e-07
-283.4228000906706 -283.422800608423 5.177524258215271e-07
-243.463469127372 -243.4634698434502 7.160782047321845e-07
-265.23428723769206 -265.55699919446766 0.32271195677560627
-248.98500998046444 -248.98501069853364 7.180692023212032e-07
-251.3065115864523 -251.30651137162744 -2.1482486545210122e-07
-254.78510183563188 -254.78508033486486 -2.1500767019233535e-05
-256.59205236803484 -256.5920515985612 -7.694736154917337e-07
-240.461067374808 -240.4867591992756 0.0256918244676001
-303.38125956098145 -303.78060672381383 0.3993471628323846
-272.23390501183076 -272.06847289814914 -0.16543211368161792
-316.75347175578486 -316.7534725663775 8.105926667667518e-07
-302.24632622898395 -302.24632304200804 -3.186975902735867e-06
-277.0812628401111 -277.0718639915827 -0.009398848528405779
-231.615856895971 -231.8014623299078 0.18560543393678586
-258.99346885237765 -258.9934701907948 1.3384171779762255e-06
-260.27039141797025 -260.2647112651004 -0.005680152869842914
-213.0361453759218 -213.42300175664997 0.38685638072817596
-210.74134461268417 -210.74134380824486 -8.044393098316505e-07
-308.91861863568766 -308.9186196149226 9.79234926035133e-07
-257.7142961852023 -257.705220134133 -0.009076051069257574
-295.68735969475455 -295.6732990251753 -0.014060669579237128
-272.04760913268285 -272.04757593757455 -3.3195108301242726e-05
-260.768795856946 -260.7687968921823 1.0352363233323558e-06
-286.75905899834055 -286.8749873662666 0.11592836792607386
-292.3302453796656 -291.6200901577256 -0.7101552219399991
-252.1168033642717 -252.04964443725808 -0.06715892701362236
-300.3160210960799 -300.3099391895863 -0.006081906493591305
-262.3832945795579 -261.57573294937794 -0.8075616301799755
-250.13668488919478 -250.13667745494234 -7.434252438542899e-06
-288.7936734582748 -288.9369181580098 0.14324469973502119
-307.26030392305177 -307.26028382910243 -2.0093949331112526e-05
-259.8564564351261 -259.8564569429478 5.078216531728685e-07
-318.08401214813637 -317.7591585442528 -0.3248536038835823
-275.3579937172335 -275.45018158191414 0.0921878646806249
-287.5304367642418 -287.52702590782934 -0.003410856412472185
-263.1031124451149 -263.0744681399931 -0.028644305121815705
-241.0497836496771 -241.04978286373645 -7.8594064234494e-07
-246.80561278930392 -246.8223443930055 0.01673160370157234
-238.26599771295707 -238.26599794832134 2.3536426851933356e-07
-253.7530041967483 -253.75300428425516 8.750686220082571e-08
-247.725963850188 -247.72593308603138 -3.076415663372245e-05
-250.87506839333247 -251.11357183899335 0.2385034456608821
-258.74846227201755 -258.7484629876189 7.156013452913612e-07
-303.8656045858628 -303.86560419012756 -3.9573524190927856e-07
-285.72477373910044 -285.7247738461885 1.0708805575632141e-07
-270.8577019350228 -270.33819490694873 -0.5195070280740879
-269.846804525564 -269.8468047283341 2.0277013845770853e-07
-260.1377483525059 -260.137748720251 3.677450877148658e-07
-254.83240818650506 -254.06221605107723 -0.770192135427834
-223.83860033418273 -223.83860070454818 3.7036545563751133e-07
-282.9526651346677 -282.94946176795065 -0.0032033667170594526
-296.99227721944334 -296.9922735366306 -3.6828127463195415e-06
-292.7722281242106 -292.7653936737779 -0.006834450432677386
-243.32320645011816 -243.28877497323126 -0.034431476886908285
-332.1569269608544 -332.15692862319605 1.6623416740912944e-06
-309.301930503227 -309.3019316184308 1.1152037586725783e-06
-284.91430498477996 -284.9143019302428 -3.0545371600965154e-06
-257.70378804273076 -257.6769590007808 -0.02682904194995217
-259.777597867177 -259.777599051908 1.1847309906443115e-06
-252.88939359167935 -251.8199014526993 -1.0694921389800527
-264.94255009304146 -264.8077618494429 -0.1347882435985639
-261.9376757670335 -261.8233903420061 -0.11428542502738992
-262.42966179597175 -262.42966189437095 9.839919812293374e-08
-240.15638184843348 -240.15637672299002 -5.125443465203716e-06
-297.2501740848798 -297.2501736430931 -4.4178671032568673e-07
-261.43976767031967 -261.43976740478774 -2.655319235600473e-07
-252.66746892789934 -252.66746856771582 -3.6018352034261625e-07
-287.6277294105565 -288.3937943610582 0.7660649505016863
-297.01673955849196 -297.0167396155676 5.7075624226854416e-08
-262.14409612122415 -262.18930617625455 0.045210055030395324
-235.70266280093358 -235.70266203862715 -7.623064277595404e-07
-243.96770914097584 -243.96770982116422 6.801883785101381e-07
-244.46251481189836 -244.46251413627573 -6.756226298421097e-07
-303.3266047955546 -303.3266050933063 2.9775168286505505e-07
-359.8785312042802 -359.8785318652918 6.610115974581277e-07
-275.3251066260078 -275.32508628808915 -2.0337918670065847e-05
-256.54349974080293 -256.54349939379637 -3.4700656215136405e-07
-243.03292238443697 -243.03292329620245 9.117654826695798e-07
-282.8764084866311 -282.87640815920486 -3.2742622124715126e-07
-237.77411579872785 -237.81443939515324 0.04032359642539518
