6.203575566132713e-06
-5.841884728852165e-06
5.562984711104946e-06
7.510078361860906e-06
7.5115746653864335e-06
-7.770346087454527e-06
-0.46848756844693185
3.010215976928521e-06
-5.590646921405096e-06
-0.3771707614884008
4.791004926119058e-09
-5.607029009979669e-07
-2.5035680266682903e-06
-1.2836456146673356
1.2187296262181206
-4.624195909741502e-06
-8.762831484432354e-06
2.935471569287529e-05
-0.2030453302650841
-2.6382574276340165e-06
-0.3046844487839735
5.344110149962944e-07
1.6501909101407364e-06
-0.5192757277419418
5.145153508578915e-06
6.898996218751563e-07
-0.9301816948156159
3.8781367805995615e-06
2.055114862287155e-06
2.6548892861910645e-06
5.15557420044388e-06
-1.574761830110461
-0.3780623946898203
0.0007384767956182259
-0.043583591571461966
4.231534944665327e-08
-3.2808503561909674e-05
-3.1581480897102665e-06
-0.015128004608925494
-6.168286844854265e-06
1.3637556946832774e-05
-1.4580906224637147e-06
-7.253232183757063e-07
3.12336027263882e-06
2.2918775215430287e-06
4.605863082929318e-06
1.0663351304174284e-06
-1.204779959010878
-8.722162192498217e-07
-4.478124765228131e-06
0.39743334564292354
5.718365059692587e-06
-8.963809818851587e-07
-1.3353876072109472
7.567370062133705e-06
-3.372303609694427e-07
-0.6526578390420354
-4.1150373846221555e-06
1.0864838486668305e-06
7.488374649256002e-07
-3.907900662625252e-06
-1.5123856655918644e-07
9.230462865161826e-07
8.571388420364201e-06
-0.8549553374709546
1.8282509302025574e-06
3.804220227721089e-08
-0.322168303412667
-4.5482432682319995e-06
5.289203230063322e-06
-0.5595547399608307
-1.9017012071162611
-0.2587407226467775
-0.07567880248205938
1.0203767430994048e-07
-1.2773909540696593
2.7665693664857827e-06
-8.321299063140941e-06
8.212228976844926e-06
0.17160428203439437
-6.312280191878017e-06
-3.421246668722233e-05
2.212073624718869e-06
-2.2616939361341792e-06
-0.32661635640643283
6.024896109124711e-06
-6.532150990778973e-06
2.6044444325634686e-06
-2.1756012813511916e-07
5.513852812555342e-06
-7.8053818697299e-06
-0.1632646156257067
-3.3270168842136627e-09
-0.2733239863938479
-7.104771384547348e-07
2.968015309079419e-07
-0.23470071792476688
8.449924735032255e-06
9.816272964258133e-06
5.246452943197255e-06
-0.6410933445122993
1.523541328651845e-07
0.0004912472837332871
5.344260742390361e-06
6.858966671074995e-06
9.40117672598717e-09
-0.9051493459517133
-0.87981115391473
-7.043287126862197e-07
-2.909343237433859e-06
5.913662505463435e-06
-1.4485608667227012
0.7274449201091358
-5.1378411569658056e-06
6.0740655953850364e-06
5.767038800286173e-06
4.656127501334595e-06
-3.8011805258975073e-07
6.876795879406927e-07
4.898657138596718e-06
-5.015632325466868e-06
-1.880660079223162e-06
-1.930479854195255e-06
1.1964843733749433
3.1264289646060206e-07
0.1730080708543369
-1.324677145013169
1.0109376248124136e-05
2.831665298685948e-06
-6.2460947845011106e-06
3.3630156792696653e-06
-0.303370585482412
7.358004651791816e-06
-1.2304114888785875
3.461887104094785e-06
-2.966334562870543e-06
0.3394337985389626
4.611588224179286e-06
-4.463589405645507e-06
4.4283386415600035e-06
1.0728865788678377e-05
-3.31433729666999
1.545235093658448e-06
-4.195581412602678e-05
-0.6696708058155423
-0.23281782985739596
-0.351320381872668
1.316146173735433e-05
-0.3997389855859552
2.7758221108342696e-06
-0.1676234810980901
-0.16086790574132692
-4.746411349287882e-06
-0.039770321831383626
3.868858698297117e-06
6.021146788270926e-06
-1.2478384115065069
-2.7537718949588452e-06
-0.5540446254745746
3.274328150837391e-07
-2.0801280697924085e-08
2.518199593737336e-06
2.2142549767067976e-06
-0.5353444023956797
7.31565526734812e-06
-1.8992417696354522
2.12973111501924e-06
3.3855660319659364e-07
-3.968565081891029e-06
2.019547110876374e-06
-3.4447580929963806e-06
3.9378888061492034e-06
-3.50573808952943
2.796876600541509e-06
-5.90571599445866e-06
1.8106633206116385e-06
1.897571962672373e-06
1.292717357159745e-05
1.2253044829435566e-05
1.319196343274598e-07
6.858795273956275e-07
-6.074502124420178e-06
-6.052351153584823e-06
8.75813874756659e-06
-2.8442298400932486e-06
-5.350695460037969e-06
-5.935347289209858e-06
-0.6236752566932324
-9.074788920315768e-06
-7.047172474017316e-06
-0.9483527225146133
-0.43358685081943804
-9.806865364225814e-08
-0.15329080815584462
-0.8865858168731791
-1.7614905998909478
6.2067415171895846e-06
-0.6990632424104604
-1.115614622473089
-0.8360511273911868
-2.6768147165512346e-07
-0.6701978513085578
-8.022375936889148e-07
-0.8377949983169799
-0.15972388910972768
1.5620813229588748e-06
-0.7450862135914207
8.780392661833503e-06
-1.3400196507973305e-08
0.8311313007414753
-4.5736921521211116e-06
-1.2399949369531669
1.1218266280366151e-06
0.36185516392552586
-0.48568213414992556
-2.3920678356963094
-0.13782383951567567
4.790481895611265e-06
-2.700511458897381e-08
2.458009703332209e-06
-5.052928827353753e-06
-1.8267416617994456
-0.1836895947284063
-5.292253867139607e-05
1.3059434309070639e-05
-0.8148096727545635
2.2491016693493293e-06
8.02487043927158e-06
-0.39396068621607583
-0.3171072053965247
9.153569223485647e-06
-0.8104996444170638
-0.6355939783392586
-1.22148419734458e-06
-7.488769085739477e-06
-5.813264650100791e-06
-1.7728042527087666
6.7417231406352585e-06
-6.785788301044704e-06
-0.11729463135537799
-0.4240264104223286
1.1064776828106915e-06
6.435326298515065e-06
-1.1574983799933136
1.5017583223198017e-05
-3.141391317740272e-06
-5.802382645470061e-07
4.7363539579237113e-07
7.0921419279557085e-06
0.00133801811219314
5.987461833001362e-06
2.5030296768591143e-06
-4.652177480579667e-06
1.2894234657778725e-06
2.411259700352275e-06
-2.1275614869864512e-07
0.7602249724622538
7.0950752331100375e-06
-2.8482550400156015
0.195073857024596
-9.76379836004071e-06
1.2499809258770256e-06
-4.835488169874225e-07
1.8528556850315283
6.499986824337611e-06
3.4758268441237306e-07
5.378514387643918e-06
-1.2849291747062779
-5.229228605685421e-06
-0.5616752608148943
-2.4276439272590835
-0.9985594628909098
9.287686992820454e-07
1.034691801748977e-05
1.5225347738123673e-07
-4.210647126967615e-05
-0.07670710683069615
1.7741516415981096e-06
2.892198835979798e-08
4.953047323397186e-06
-0.35972390646799113
9.624071623193231e-06
9.028672877775534e-06
-3.561808483709683e-06
1.502785949014651e-07
3.1627596115413326e-06
3.993201033836158e-06
-2.725124659264111e-08
5.230836336522771e-06
2.786148527889054e-06
9.783068151136831e-07
-0.15909309965273621
1.777374876610338e-06
-1.398385567213225
-0.7755515731653162
-0.7106944869996568
-0.2740701780659833
-1.3494156122343526
1.9581935504220382e-06
-1.5653953462598054
1.6020350699363917e-06
-0.4678743768360505
6.84571276110546e-06
0.25629938539259456
1.6356557665631044e-05
-0.27929645744698917
-0.916749002192887
-0.8553904657426585
-3.5770275985669286e-06
7.839029478873272e-07
-7.983873700823096e-06
5.741189127661528e-06
-0.19802097399765728
1.5151536558732914e-06
-0.3580515267950517
2.49903455085132e-06
-1.3301757299003754
-4.8887101968375646e-05
5.985168513689132e-06
7.510960543299916e-06
7.553440724450411e-06
-0.41607614776768287
7.826967873825197e-06
-7.116577691590464e-06
3.021660234026058e-06
-9.145432400714526e-06
2.7425005129089186e-06
3.548121213725608e-06
9.802727191754457e-06
0.49679970145044194
-4.3665003772730415e-06
3.90173337905253e-06
5.847029285632743e-06
-2.690491939461026e-06
-2.5625624289205007e-08
4.531625251047444e-06
1.6390203398941594e-06
7.702912853346788e-06
8.73501028308965e-06
2.807984799346741e-06
-4.84516064602758e-07
3.3678958004657034e-06
-4.174241070131757e-06
-2.1923369786236435e-06
-5.296632666329515e-05
1.8027911039553146e-06
6.28321239730667e-05
-4.857196471164116e-05
2.7017961201636354e-09
8.826213928614379e-07
4.665816391025146e-07
-1.468199850373253
1.8552205887090167e-06
-5.101554506836692e-06
-5.259270014335016e-05
-5.750365602352758e-06
4.973819272890978e-06
-0.05711585695432575
1.853099362847388e-06
-2.141562987389989e-06
-7.681177578433562e-07
-1.2634489352206515
nan
1.999007395170338e-06
4.164863867117674e-07
-5.834982630403829e-08
-1.2921366259331108
-6.256058156850486e-06
7.481422628075052e-06
-4.380196912734391e-06
2.5019200933229513e-06
1.2352767924994623e-05
8.285418132913946e-06
2.2553705889549747e-06
-5.6693910437388695e-06
-3.9294048406190996e-06
-4.3778941375194336e-05
-7.938228208104192e-07
-4.93218976771459e-09
5.5903447560012864e-06
1.112849929540971e-06
-0.9202827342343625
4.807661312611344e-06
6.077535431359138e-06
-1.2263744511691215
0.0007030657808684282
-1.6933757650360235
1.5650583407023078e-06
6.092097919463413e-07
-5.929242064439677e-06
6.581204644362515e-06
-2.1715345042139234e-06
-0.34455198112175367
0.08669215501561212
5.045949365012348e-06
9.756837158647613e-06
-2.047701173069072e-07
1.3998652385919002
-0.1339222001664382
-3.4084011417689908e-06
2.2559291608104104e-06
-3.67965029113293e-06
-0.13642200424905582
2.1184741569868493e-06
3.6325003236470366e-06
2.4092063313219114e-06
2.0667208104896417e-06
-1.6468228416436261
6.077891441691463e-06
1.5937329465032235e-06
-0.009226936751446146
-1.593470339186183
-0.523731122581168
5.832499979874228e-06
4.70875443170371e-06
-0.5784419078664769
-1.4136145500165327
-4.383215923553507e-08
9.277256651785137e-08
-4.935558308716281e-07
-2.2677143221017104e-06
-1.1784199512972435
-1.3020845094731328
-5.880863938045877e-07
5.76622710468655e-07
-1.9227633879350492
1.5548254054920108e-05
-0.7366753681001228
-0.7429689258223249
-4.992836750261631e-05
1.8523399205605529e-06
-7.693578282896851e-06
7.338125143974139e-06
6.315602405493337e-07
2.426344622108445e-06
-2.5464780151196464e-07
-4.4653072706069e-06
8.451256121588813e-06
0.29420788250051544
1.1437173611739126e-05
0.00046059140537124676
-1.976042526052879e-06
0.4660903033476984
8.286104957733187e-06
0.9915543254938797
-3.5238105340340553e-06
2.284492154558393e-06
-4.958281152767086e-06
-4.8838658557315284e-06
4.30105771442868e-07
-6.2201060018196586e-06
8.492881050869983e-06
-7.923364051976023e-06
1.2381780152281863e-06
-1.6043259098580904
-1.9796991700808206
9.066377799626935e-06
1.1973009179655492e-06
3.4472988943434757e-06
4.081936111788309e-06
-1.7168031263281591e-06
7.060012507054125e-06
-0.48154337709306105
-2.4020263712291836
4.5150994623099905e-06
-2.5092593460840362e-06
2.2499280589727277e-06
-6.211272363998432e-06
-0.4973712373333683
-5.371258666286849e-06
-6.423966311785989e-06
-2.5439352668854553e-07
7.790812318830831e-06
0.08668315419704697
-5.459971305299405e-06
1.7734563300564332e-05
0.6145096682757014
0.44448617422538916
5.330510091994256e-06
-0.2557690955196392
-9.963028759329973e-06
-0.1830747722248418
-4.375685549007358e-06
4.860116803229175e-06
7.4831333449765225e-06
-0.054997891558628
2.9449946481463485e-06
-0.21494197958372752
-1.3485036500450036
-2.2226711848816194e-06
-0.10441864424213065
-0.8516055085099055
7.984710194364197e-06
-3.877607539948258e-06
1.7361983140062875e-06
1.1020868981859167e-06
-6.608416231301817e-05
-0.46115301460243074
-0.4743898974642491
1.7594515413951228
6.070337420283067e-06
1.069043963752847e-05
1.532950774961293
-0.11160315847965308
-7.868632678764698e-08
5.555990924221987e-06
7.387292498606257e-06
-3.87420016068063e-08
-2.1529450435764375e-06
-3.3304068125517006e-06
-0.7636689183781584
-1.0645365478012536e-06
-6.713160502158644e-06
0.711291524830628
-4.5739183462956134e-07
6.181375184155513e-06
-0.5188269348555394
8.316522254858683e-06
-1.9584946642225987e-07
-4.146363096424466e-06
2.978194572733628e-06
4.156864036986008e-06
-0.5422612510171376
4.155368571900908e-06
6.6215658733881355e-06
1.1362939423634373
-3.5650710827894727e-06
-7.643819799341145e-06
-0.8270775399316648
0.00046327939327284184
1.237391188624315e-06
7.710920371550856e-06
-0.36778609892543557
-1.2875384059084922
-1.9883105122912639
5.506244320940823e-06
1.1691086854170862e-06
6.212115721382361e-06
3.664820184212658e-06
-6.202870821425677e-07
-1.0509135823175342
4.387168672792541e-06
-5.307543020194316e-06
4.740184152751681e-06
-0.05234279300438516
-1.8329163253838487e-07
8.552618169233028e-08
-0.2099152819239265
0.0004178072915408393
8.570716971689762e-06
-5.193425494098847e-07
0.9006140351979752
4.666899258154444e-06
-0.7122845889195872
-0.7310093573467213
0.7695610356107778
-6.314775291116348e-06
4.235478442637941e-06
1.0104839986979641e-07
-5.918598873222436e-06
-1.204088690829451
-1.8647463662091468e-07
-0.45967047498459124
4.49282626391323e-06
4.234106484091171e-06
0.2635635210086775
1.3753393091064936e-08
-1.431002863673669
-1.2290941398898525
-0.7782390619670565
-3.1746367454843494e-06
1.3097037225406893e-05
5.198837698117131e-07
-6.334960531262368e-06
-2.4335726891422382e-06
-0.43065141815147
7.125844376787427e-07
4.1737119715890003e-07
6.285432746722108e-06
1.077364179202192
-1.4904276213201229e-06
2.7474612807054655e-07
8.836966514991218e-06
-7.678971556401848e-06
2.271884369520194e-07
-1.5968824282875431
4.207689698887407e-07
6.095914713455386e-06
4.863165870006014e-06
2.9882247361001646e-06
-0.04157034952807237
-5.670881378705417e-06
-4.560120331120743e-06
-1.6087670843491821
3.7809956126011457e-06
1.8328367445974436e-07
2.6330208413583023e-07
3.798551517775195e-06
6.36603516568357e-08
1.1432748777906454e-05
-0.32935924679114237
-3.7548156228695007e-07
-0.4651861359850358
1.0934248933835988e-05
2.3368943118384777e-06
1.573939272248026e-07
7.522819771565992e-06
3.2523476534151996e-06
-0.3476434407001108
-6.398077488256604e-06
-2.593955343854759e-07
8.269959494100476e-06
-0.36514662791446995
1.9934875581384404e-06
-2.0650747771355782e-05
3.688686859959489e-06
-4.998850727133686e-06
3.333943908501169e-06
1.626183646408208e-06
1.0382278787801624e-06
-0.49922845483801837
1.972340399447603e-06
3.6231367062100617e-07
-4.755371350029236e-07
1.641536371721486e-06
2.8724949174829817e-07
1.7755256465079583e-07
-1.5676620589768078
1.2832234858706215e-05
-1.3551243067512502
-0.09308817840553729
6.054347608142052e-06
9.57130450274235e-06
0.2588559801958752
9.012213695314131e-07
5.205068063673934e-06
1.1975784687479063e-05
-4.712322700584082e-05
0.2655753819945943
1.7390283346685464e-07
-1.1008729601550442
-0.13157054843311755
-6.691704598438264e-06
9.275154667420793e-06
-3.306098221855791e-07
-2.878519396176671e-06
1.387289159993088e-06
0.060982480572633335
-0.4810177613191797
-1.4091102542579392e-06
-6.572704407403762e-06
5.851926658806406e-06
7.073562187542848e-06
-0.8791360627226936
1.5196533709627147e-05
2.382438907488904e-06
3.1727705618322943e-07
-1.1272562119302165e-06
6.30923351252477e-06
9.427367331227288e-09
6.374467801606443e-06
-0.8609002808403403
6.140404167354063e-06
-1.2201399641753596e-06
nan
1.8685316547362163e-06
1.7648556024596473e-05
-1.2846944041643837
-0.8374824930263856
-6.33785050752067e-06
7.831917315570536e-06
1.1812857479753802e-05
-0.07687991341008171
-5.166957592450672e-06
-0.2944293132134419
-1.7174481286019727e-06
0.00047929790315492937
7.778216726705978e-06
-0.042939099619161425
7.448108760854666e-07
-2.0105696228997374
-0.3882868196455007
-5.36981482923693e-06
1.8542761353046444e-06
0.013387718321553166
8.904994942326994e-06
3.339102079280565e-07
-5.241044456738564e-05
-2.3954299877004814e-08
-2.848657970844215e-06
2.6022192969321623e-06
-0.8562795036327202
3.873603532156267e-06
-0.43550546391064415
-3.5828597333420475e-07
-2.204279397233222e-06
0.0006376114432953273
7.230839727867533e-06
-0.3661794979607862
7.139151819046674e-06
-4.325912442482149e-06
2.8758084624769253e-07
-0.1277106840347244
9.717273158571516e-06
-4.079599534634326e-06
3.07739695415421e-06
-0.3231623142184219
-1.1322063491960677
-2.962204590062356e-06
0.31714470938398165
5.775429741561311e-06
0.06172554476235348
-0.33482330926699433
-6.0607927892419866e-05
1.1957236949911021e-05
2.590365681953699e-06
-0.22966464391173247
-7.702136457510278e-07
5.251413526252691e-06
-8.452965971628146e-08
1.6230987640142303e-05
-1.028416561048175
-0.26438957327479784
4.1091392404268845e-06
3.5568088208037807e-07
3.14620109520547e-07
-7.255028720010159e-07
0.2338134784381225
-0.3225185052496755
3.2621771168805935e-06
-1.6611751963515076
3.784609319268384e-06
-0.9160073615453541
4.94109855253555e-07
-5.586890821973611e-06
7.590655002331914e-07
-9.302437149472098e-07
2.0821480859467556e-06
7.706864309398043e-06
-1.320455890892788
-0.6417964801506457
7.978455627721814e-06
9.262709340873698e-06
-0.13614152276488767
-5.812154881823517e-06
-1.427268550145314
-2.1072732891980195e-06
-0.7281176257740896
-1.0145714949390197
-2.680194459011773
-2.8557346320811092
-3.834502649624483e-06
1.0957905445252436e-05
-0.5301641940892949
2.9726205355018465e-06
-9.901238726683914e-06
9.732586079280736e-07
-5.938981360031903e-07
9.398656999337618e-07
-0.6328346441801784
-0.5826447997388442
7.231686751651978e-06
-0.9789071296368093
6.252653804494912e-06
4.817567500481346e-06
-0.5861011650212049
4.6382084946117175e-06
-8.232889257442366e-06
9.954550833413123e-06
-5.114394525662647e-06
4.3508597968866525e-07
3.2041230610957427e-06
-6.014161812117891e-06
-2.878844426845717e-06
-0.39603390426059093
-4.8716048155483804e-06
3.2425452900497476e-07
-0.9022570399474432
-3.798423335865664e-07
-5.496913644265078e-07
-0.11491462573572164
9.592601941221801e-06
-1.8175655781121804
-5.3320980455850986e-05
4.135323564469218e-06
-0.5927553003346588
5.8995435381348216e-06
1.1822151989804297e-05
1.814179313441855e-07
-0.7059051378906105
-0.13615277791993208
-5.124678637002944e-08
-7.198968972943476e-06
0.6658668507858181
-0.5482939414009564
1.9041030725475139e-06
-4.4584460567875794e-06
-0.9567283699940248
-3.446057675660086e-06
4.874432903534398e-06
9.01389981322609e-06
-5.977086914299434e-06
4.926214671741036e-07
-0.7220899128043357
-5.478956396132162e-05
-1.165240206546514e-07
-0.3038618148335246
-2.2628066943752856e-05
-4.746564258084618e-06
5.515081795692822e-06
-2.0421765327682806e-06
-0.08881030573799364
-6.826551668837055e-06
3.3475646432634676e-07
-1.059325427377189e-08
5.120906877209563e-06
0.2141231475016241
2.987778827900911e-06
0.49752461716609275
1.2567398821260696
-0.4926030590492019
-0.38798542101145017
-2.2412127407278604e-06
-4.3530434368221904e-08
-1.6889124765384622e-07
-0.7904921022310276
-2.912747532946014e-06
-0.6811179875375757
-3.11419823617598e-06
8.3869195321995e-06
1.4360933988655233e-06
2.0886302820599667e-07
-1.2527311668009133e-06
-7.878571565811399e-06
-0.6523444696171055
6.269851127171933e-07
-3.3490067821162484e-05
-0.878971431969461
-0.2608645786915531
7.826535892263564e-06
0.00015363424414260862
-8.171143974777806e-07
0.38199380388125803
-1.659400311382342e-06
6.1875059884641814e-06
-1.1038357572373343
-0.17931924100052754
-2.6193990692036095e-06
2.9313578693290765e-06
2.1566667385286564e-07
4.524914146486481e-06
4.71069220964182e-06
7.755923974173129e-06
-5.854684417272438e-07
-3.693001389137862e-06
7.545521083329731e-05
-5.4644460760755464e-06
-3.309586105615381e-06
4.744728315131397e-06
1.1006944049540834e-06
-2.199140908487607e-06
-5.835200482806613e-06
1.6905161714930728e-07
-2.50652348654512e-07
7.739215718061132e-06
2.8047650602047725e-06
-0.4547838540756999
-5.367591555227591e-06
-0.2006836669687715
2.0137410886185876
-1.1095449677725497
-4.747070221355898e-06
1.4020191926533698e-05
-1.2268782233808366
-5.088426561883352e-06
-0.8877374896322863
-5.36833458397723e-06
-1.7214932839237918e-05
-2.8023485612038712e-05
-3.7888306962940987e-06
1.0260612794578208
-9.350443505695694e-06
-1.6525759263047632
-7.09363827127163e-05
-6.845195926530323e-06
-1.1313032359794306e-06
9.562126351170264e-06
-5.551050300311999e-05
1.825016255452283e-06
2.302622689853706e-06
4.206073640489194e-06
-1.4876579891019333
3.9140934404713335e-06
-1.5014103253957245
3.3677338677762236e-06
-1.9950633145526808e-08
-1.632888072873854
1.6357620324924937e-07
5.866425567546685e-09
-0.6831239100358601
-1.3482413550036654e-06
-7.640704154709965e-06
-1.3791364494863956e-08
-1.0894729379814692
-5.5319997045444325e-06
-0.9780310809912436
1.5520719842668314
1.7716219865720149
-0.26911744437242646
-0.551890010400129
-7.88567126619455e-06
-4.291248789911606e-05
-3.854481391840636e-06
-9.398019784612188e-06
1.5320322717116142e-06
-0.854500118433208
-1.6391483370625792e-07
0.0007978761462084094
-7.644993331723526e-06
2.8513665029095137e-06
1.8705966766674464e-06
2.8007729042656138e-06
-3.251912599959624
-4.714554165730078e-06
-2.075323360434737
-0.7584669416670522
-5.119650296592226e-06
-2.1217415402465463
-2.2866936433274532e-07
-2.51748582371647e-05
-1.4477019644500047
-7.652423761328464e-07
-0.28540350707015705
-0.6246952567028643
8.761538481394382e-07
-1.8586229018526552
1.266793248078102e-07
6.612616232359869e-08
-1.6846249195623386e-07
-0.7427308118126348
-2.576368842710508e-06
2.5439167927743256e-07
-5.949648453906775e-06
-1.6916601649227943
5.710427444682864e-06
-2.849769976132393
0.5566259812278389
-0.7989087602632594
1.5705038833857543e-06
-1.3954761632495263
-1.8142790310093915e-06
2.019923996954276e-06
3.0894837266259856e-06
6.477819667338736e-06
3.60943730015606e-07
-7.71835118484887e-06
-5.125733594013582e-06
-1.8098939419689373
-0.12462612184421573
1.515194298917777e-07
-7.224645202086322e-07
1.655335566397298e-06
0.3297755980140522
-0.853206818021718
5.128021697942131e-06
4.808956475699233e-06
-9.064621053767041e-09
4.282605587491162e-06
-0.45926862632211396
