-297.4364211535052 -297.41191847604773 -0.024502677457462596
-261.4729813909777 -261.4729816886409 2.9766323450530763e-07
-332.6788273754075 -332.67882574030773 -1.6350997498193465e-06
-277.0778557711716 -277.0778561826249 4.114532998755749e-07
-274.7750781873755 -274.77507846304945 2.7567392635319266e-07
-236.04953782244877 -235.64136524832992 -0.40817257411885066
-292.4699685261117 -292.46994824340544 -2.028270625942241e-05
-275.28914799145167 -275.2891481943071 2.0285540358599974e-07
-279.78571897370625 -279.78571911834086 1.4463461184277548e-07
-258.42340002010997 -260.1177544859194 1.6943544658094538
-248.72762012400597 -248.72762062810142 5.040954533797048e-07
-250.62290843928275 -250.16697359067814 -0.4559348486046133
-275.5044364012569 -275.5044347517241 -1.6495328054588754e-06
-274.25672387369764 -274.25672317215395 -7.015436835899891e-07
-281.74942702934675 -281.74942646166215 -5.676845944435627e-07
-316.8756598961223 -316.8756598612718 -3.485047272988595e-08
-244.22587906938813 -243.96261531547844 -0.2632637539096834
-260.9993468340861 -260.9188121917992 -0.08053464228692064
-278.7044533210146 -278.70445242981333 -8.912012958717241e-07
-226.58897950387063 -226.58897989565997 3.9178934230221785e-07
-309.04177740735935 -309.04177774002557 3.326662181279971e-07
-272.98408598332384 -272.9840858286242 -1.5469964864678332e-07
-277.6101354291819 -278.5495556824905 0.9394202533085831
-275.11079382508643 -275.1107936487084 -1.7637802329772967e-07
-333.51648604553594 -333.5164861855762 1.4004024251335068e-07
-329.76689987663 -329.7669000622135 1.8558347392172436e-07
-235.62633665944023 -234.99517192329074 -0.6311647361494863
-277.2886628884056 -277.1608825723465 -0.127780316059102
-277.24400925154225 -277.2440080596234 -1.1919188409592607e-06
-266.7220460924906 -266.65956827584324 -0.06247781664734475
-270.64634041959897 -270.6463233377741 -1.7081824864817463e-05
-275.80110547849864 -275.80110400751687 -1.4709817719449347e-06
-241.19533833045372 -241.19533840121264 7.075891517160926e-08
-314.2174826239405 -314.2174850407396 2.416799077309406e-06
-264.0788433959713 -264.07884386816977 4.7219845100698876e-07
-280.1879478393776 -280.18794884270176 1.003324143766804e-06
-282.5414147296571 -282.5414151906628 4.6100569761620136e-07
-293.35381208804694 -293.3539803940046 0.00016830595768624335
-267.32734678298226 -267.31010137445077 -0.017245408531493922
-268.7695199589531 -268.3376853554147 -0.4318346035383911
-255.43711875957845 -255.4371199094393 1.1498608500914997e-06
-317.874190859397 -317.8741964056677 5.546270699596789e-06
-278.19980694262506 -278.1998058681726 -1.0744524843175896e-06
-277.9678298092797 -277.966795580748 -0.0010342285316937705
-315.85829285691653 -315.85829311456365 2.5764711608644575e-07
-284.76980988357417 -284.7697927009099 -1.7182664294068672e-05
-270.70145259464806 -270.7014524653436 -1.293044533667853e-07
-260.33167018489905 -260.33166961090046 -5.739985908803646e-07
-276.47508273099646 -276.28389423744323 -0.1911884935532271
-248.79072329815415 -248.79072419480383 8.966496807261137e-07
-261.2311493614169 -261.2311499782645 6.168476147649926e-07
-275.1730916730398 -275.1730934992068 1.8261670220454107e-06
-226.70480302173553 -226.68542715505322 -0.01937586668231006
-259.8584226401443 -259.1652657296984 -0.6931569104459072
-267.679372822465 -267.67937253267326 -2.897917283917195e-07
-256.88915625552346 -256.8891573382111 1.0826876177816303e-06
-214.45812591555136 -214.45812648677799 5.712266215596173e-07
-291.8540779193538 -291.8540770551064 -8.642473972031439e-07
-252.15815477009528 -252.03495167885123 -0.12320309124405071
-276.07101417905443 -275.83883750903493 -0.2321766700194985
-269.9318417277253 -269.92265595510173 -0.009185772623595767
-262.0735291961828 -261.78569948541804 -0.28782971076475405
-281.33194679108647 -281.27962730584943 -0.052319485237035224
-285.30418677073715 -285.30418693484677 1.641096218918392e-07
-259.01815801975425 -259.01815770902766 -3.107265911239665e-07
-280.7864938362214 -280.7864927166109 -1.1196104878763435e-06
-239.6561450914555 -239.6561453600651 2.68609596787428e-07
-281.25737393753843 -281.2573729938912 -9.436472510060412e-07
-296.7576394818622 -297.4461985610535 0.6885590791912932
-247.3258707932199 -247.32587148424528 6.910253773639852e-07
-300.0709173160355 -300.0709159015865 -1.414449002368201e-06
-301.32165421655907 -301.3216540554445 -1.6111454215206322e-07
-255.31808544018872 -255.31807067504803 -1.4765140690542466e-05
-248.99512386892766 -248.9951284746977 4.6057700444634975e-06
-314.23082024568987 -314.23082015686185 -8.882801694198861e-08
-234.06227214251305 -234.06227316407325 1.0215601946583774e-06
-301.400693630868 -301.35293908969123 -0.047754541176743714
-308.27281278905417 -308.2728125179396 -2.711145725697861e-07
-260.03746258209617 -260.03746223540054 -3.4669562865019543e-07
-263.34309246004284 -263.34310068686784 8.22682500256633e-06
-262.33253573273566 -261.6244634864365 -0.7080722462991389
-233.43710269143432 -233.07788708212348 -0.3592156093108372
-277.12142337139954 -276.39814373832155 -0.7232796330779934
-270.724869169125 -270.7248689610297 -2.0809528678000788e-07
-243.56683869967785 -243.5668358491438 -2.850534031040297e-06
-279.90739729506856 -279.90739246329514 -4.8317734240299615e-06
-300.0761753911515 -300.07617694463175 1.5534802741967724e-06
-279.7486961922121 -279.74868937450645 -6.8177056391505175e-06
-310.5516349081171 -310.4889092162815 -0.06272569183556698
-286.94827115359055 -286.441732937987 -0.5065382156035412
-278.35581707648225 -278.35581782795066 7.514684057241539e-07
-254.11833844426454 -254.05418369340583 -0.06415475085870526
-298.085750139821 -298.085752275028 2.135207012088358e-06
-359.85162204576267 -359.8516211602263 -8.855363944348937e-07
-304.6344151715306 -304.6344150939481 -7.758245601507952e-08
-283.8957112192796 -283.63002417412633 -0.2656870451532427
-320.940122658809 -320.9401270694555 4.410646511132654e-06
-286.25133672531484 -286.25133874771655 2.0224017021064356e-06
-328.2665250977138 -328.26652532741974 2.29705960919091e-07
-272.8530916843826 -272.8530907647066 -9.196759833685064e-07
-267.4700530827899 -267.4700537238911 6.41101223664009e-07
-278.1948595042677 -278.1948598367203 3.324526005599182e-07
-249.11160389787673 -249.11160389809135 2.1461232790898066e-10
-216.59381203486382 -216.59381274509624 7.10232427536539e-07
-289.20452094548284 -289.20451967212995 -1.2733528933495109e-06
-289.09361096858635 -289.0936122834161 1.3148297739462578e-06
-314.7196439868739 -314.7196446305021 6.436281978494662e-07
-258.44281132979177 -258.44280954158876 -1.7882030078908429e-06
-287.6325761633825 -287.6325737751579 -2.388224629612523e-06
-254.13062271484682 -254.13062241607798 -2.9876883900215034e-07
-282.84463406732965 -282.8446336407768 -4.2655284460124676e-07
-297.07898400840355 -297.0789840009995 -7.404025836876826e-09
-232.009845310204 -231.9816214179288 -0.028223892275207163
-244.79279506205188 -244.02444683740464 -0.7683482246472408
-310.83700989872125 -310.8370122955546 2.396833338025317e-06
-298.7538872603434 -298.7538865084461 -7.518972893194587e-07
-249.6502670710307 -249.6502671641553 9.312461202171107e-08
-259.3712547205887 -259.37125469309774 -2.7490955289977137e-08
-259.325210598095 -259.3252134786192 2.8805242209273274e-06
-276.810666687596 -276.8106664667572 -2.20838785480737e-07
-261.7729241819116 -261.7729250810554 8.991437994154694e-07
-266.44352827282444 -266.4435289662118 6.933873351044895e-07
-264.3721010027052 -263.8385942291806 -0.5335067735246071
-232.85363232701926 -231.92040929957113 -0.9332230274481219
-304.3016823380756 -304.24809011118913 -0.053592226886451044
-278.84370155739725 -278.8436963904543 -5.16694296948117e-06
-267.0527506480856 -267.0527499452686 -7.028169761724712e-07
-246.31541939009065 -246.31542011724758 7.271569302247372e-07
-268.664626200671 -268.6646264405643 2.3989326791706844e-07
-227.66600591297265 -227.13652037491872 -0.5294855380539332
-262.1384763101717 -262.13847665700933 3.4683762351050973e-07
-237.2610021508279 -237.12730818330724 -0.13369396752065654
-224.75909349770953 -224.75909451991572 1.022206191692021e-06
-271.87126031329996 -271.87126019034145 -1.2295851092858356e-07
-295.3192449075595 -295.3192441713825 -7.361770144598268e-07
-258.1239178336992 -258.123917336152 -4.975472052137775e-07
-257.14849212181315 -257.00037190532504 -0.1481202164881097
-273.56162937983777 -273.5616313514742 1.971636436337576e-06
-308.8268020054474 -308.8268022978806 2.924331852227624e-07
-286.7286112817346 -286.72861130351447 2.1779896997031756e-08
-241.79660959640626 -241.79660889312265 -7.032836037978996e-07
-277.30349688088813 -277.3034962525235 -6.283646598603809e-07
-245.17379108453045 -243.41822560847498 -1.755565476055466
-264.10168557758556 -264.10168607248903 4.949034746459802e-07
-320.1373601188601 -320.13736094881597 8.299558658109163e-07
-313.44656818757807 -313.434008845711 -0.012559341867074636
-299.63171520935396 -299.6317152900831 8.072913715295726e-08
-239.57963895461023 -239.15447423844898 -0.4251647161612482
-253.9529668928521 -253.95296686962638 -2.3225709355756408e-08
-247.88491205525432 -246.3459340513179 -1.5389780039364211
-302.03314322826526 -302.0331441297338 9.014685247166199e-07
-237.47989685057973 -237.47989723522332 3.846435845389351e-07
-275.91806973156844 -275.91807014468003 4.1311159293400124e-07
-261.16545792698423 -261.1654577155002 -2.1148400719539495e-07
-248.79875233275084 -248.35236982985987 -0.4463825028909696
-209.84356130842266 -208.64099279889763 -1.2025685095250367
-281.07367657237677 -278.3529509712026 -2.7207256011741947
-260.0618574180895 -260.06185730517836 -1.1291115242784144e-07
-251.20493309181327 -251.2049337667321 6.749188230514847e-07
-304.1847049398185 -304.1847069365473 1.9967287698818836e-06
-272.05181243279935 -271.5593523538412 -0.49246007895817456
-280.7826190804044 -280.7826195636983 4.832938884646865e-07
-320.5392235900548 -320.53921982152673 -3.768528074488131e-06
-244.987598187784 -244.60703737092453 -0.3805608168594574
-274.0075599987125 -274.0075587243437 -1.2743687989313912e-06
-301.28471282511526 -301.28471421067314 1.3855578799848445e-06
-268.9759851067496 -268.97598692735147 1.820601880808681e-06
-266.68553955113197 -266.6855387306083 -8.205236667890858e-07
-267.9087177658107 -267.2903034872598 -0.6184142785509152
-253.31906636232026 -253.3190660963856 -2.659346591826761e-07
-293.6381359655057 -293.63813613399094 1.6848525774548762e-07
-281.8382664864874 -281.83826679212626 3.0563887776224874e-07
-257.6762496200521 -257.6762501344972 5.144451051819487e-07
-288.64886098911694 -288.63446369500804 -0.014397294108903225
-266.06189966077716 -266.0619002179587 5.571815222538135e-07
-270.4171208529264 -270.41712115016605 2.972396373479569e-07
-243.49923481364507 -243.4992356360932 8.224481291563279e-07
-310.4990413323128 -310.49904108916223 -2.431505663480493e-07
-266.7612777798357 -266.32814413576114 -0.4331336440745872
-259.99025852473045 -259.9902565373935 -1.9873369296874444e-06
-286.57125623280723 -286.57125671307784 4.802706143891555e-07
-278.41257661183727 -278.4125771225993 5.107620495437004e-07
-271.0861484620561 -271.0861413173605 -7.144695587157912e-06
-247.78817791669164 -247.78817754541163 -3.7128000940356287e-07
-271.9490623655605 -271.94906368294863 1.3173881256989262e-06
-251.5187627428628 -250.83702419858878 -0.681738544274026
-237.07918571410005 -237.07918100338887 -4.710711181132865e-06
-252.92262710575864 -252.92262807286238 9.671037446423725e-07
-289.82412929735915 -289.82412918449273 -1.1286641665719799e-07
-245.49187054359987 -244.96829539277624 -0.5235751508236319
-285.88027745784626 -285.8802808050242 3.3471779374849575e-06
-267.68885737622014 -267.68885735503085 -2.118929387506796e-08
-269.71774603101574 -269.68818023261633 -0.02956579839940332
-252.71601194568464 -250.96614846912726 -1.7498634765573797
-312.10297136963777 -312.10297176766574 3.980279643656104e-07
-289.78631485473284 -289.72345343246957 -0.06286142226326774
-298.5919902424234 -298.5919901132969 -1.2912647662233212e-07
-285.5771586630493 -285.5771574312399 -1.231809392265859e-06
-257.11913505182014 -257.11345449887153 -0.005680552948604145
-280.7688761981254 -280.7688748890464 -1.3090789821035287e-06
-299.3612757865328 -299.3612731397875 -2.6467453153600218e-06
-288.2826421232003 -288.28264280103565 6.778353736081044e-07
-320.8871840948388 -320.88718660134435 2.5065055524464697e-06
-261.5588196548399 -261.5588217094485 2.0546086147987808e-06
-263.69192704416037 -263.6919271802858 1.3612543625640683e-07
-292.45642902167634 -292.4564297220983 7.004219355621899e-07
-255.46292535819023 -255.46292374752093 -1.610669301044254e-06
-204.88977044068798 -204.88977425193337 3.8112453921712586e-06
-267.7973927088348 -267.79739305466586 3.4583104024932254e-07
-317.43291600510474 -317.43291749898333 1.4938785852791625e-06
-253.4451725148219 -253.4451745247635 2.009941596270437e-06
-295.370119915297 -295.370119430009 -4.852879555983236e-07
-304.4383566576014 -304.4383571808004 5.231989916865132e-07
-260.25293600244606 -260.25293658310176 5.806556941934105e-07
-271.07261748126814 -271.0726176067904 1.2552226280604373e-07
-239.73362847815085 -239.73362875790494 2.797540901156026e-07
-285.01094041735905 -285.0109182537991 -2.2163559947330214e-05
-237.4140603932254 -237.41406081400822 4.207828112612333e-07
-248.42673191000665 -248.42673219829624 2.882895842049038e-07
-262.13085035054337 -262.03433468188996 -0.0965156686534101
-245.14201926434734 -245.14201897859158 -2.8575576038747386e-07
-288.69552842413816 -288.6955310711334 2.6469952558727528e-06
-264.06450352625694 -264.06450365029923 1.2404228755258373e-07
-309.8503215175491 -309.8503213807902 -1.3675889931619167e-07
-274.28797079302694 -274.28797252175025 1.7287233049501083e-06
-281.03315971150914 -281.0331602075508 4.960416504218301e-07
-274.97207683304896 -274.97207572659124 -1.1064577165598166e-06
-267.2436048962002 -267.24349239987527 -0.00011249632495946571
-308.4469642804388 -308.171284681976 -0.27567959846282974
-291.14296618799574 -291.1429643293446 -1.85865116009154e-06
-284.56814900996625 -284.568147414325 -1.5956412653395091e-06
-276.1796239861256 -276.1796227835318 -1.202593807647645e-06
-264.77110630093296 -264.7710682083828 -3.8092550141755055e-05
-258.6553688952138 -258.65536152062776 -7.374586061814625e-06
-297.63923204649683 -297.0366373896553 -0.6025946568415179
-273.7530631155524 -273.7530649113399 1.7957875115826027e-06
-294.7705069718676 -294.77050864617996 1.6743123865126108e-06
-228.33524557426432 -228.28901209271163 -0.04623348155269014
-256.5200419271194 -256.5200423818484 4.547289904621721e-07
-262.40052350775665 -262.4005174353529 -6.072403721191222e-06
-264.82845971710213 -264.828459996315 2.7921288392462884e-07
-271.78570960334287 -271.1089473150388 -0.6767622883040758
-287.7252469047761 -287.7246894835443 -0.0005574212318038008
-285.6048566911345 -285.6048557123066 -9.788279271560896e-07
-255.6516193977886 -255.65161943464204 3.685343585857481e-08
-254.26667057749648 -254.2666696293208 -9.481756819695875e-07
-306.2927767417054 -306.2927766618124 -7.989297046151478e-08
-234.5264284925879 -234.10750438418285 -0.418924108405065
-273.85361398934816 -273.8536095624354 -4.426912767030444e-06
-256.37445552818974 -256.3744552041648 -3.2402493843619595e-07
-270.3122747059153 -270.3122743715525 -3.343627668073168e-07
-241.62942820404683 -241.629427508596 -6.954508364742651e-07
-264.74309518137414 -264.7430953458899 1.6451576811959967e-07
-264.0814438880216 -263.25566167773036 -0.8257822102912655
-270.0957831248791 -269.94173799691475 -0.1540451279643662
-256.96752266708626 -256.70813848821643 -0.2593841788698228
-294.8761975526345 -294.8761888460308 -8.706603694008663e-06
-221.84317588211502 -221.282479182375 -0.5606966997400207
-300.1409348149674 -300.14093431545325 -4.99514158036618e-07
-270.1898732742248 -268.727661354777 -1.4622119194477818
-271.457956794334 -271.4579569487936 1.5445959888893412e-07
-279.472898991041 -279.06325189124624 -0.40964709979476766
-253.99240108341473 -253.99240209455635 1.0111416202107648e-06
-245.44071985788207 -245.44072012006717 2.6218509674436064e-07
-291.7249786843924 -291.72497848731825 -1.9707414367076126e-07
-283.8557575759347 -283.8557576140989 3.8164159832376754e-08
-270.65308372359317 -270.6129992724852 -0.04008445110798675
-251.40880680629172 -251.4088066722075 -1.3408421750682464e-07
-242.33781594577493 -241.40258055203824 -0.93523539373669
-303.38640479001725 -303.3864050934384 3.034211317753943e-07
-252.19819350292389 -252.19819398904195 4.861180684656574e-07
-252.7338489285065 -252.73384978274623 8.542397438304761e-07
-295.6907802403673 -295.6907799831046 -2.572626840446901e-07
-260.4983648761326 -260.49836356525094 -1.3108816574458615e-06
-257.78933246136046 -257.7893339631031 1.5017426449048799e-06
-282.92904370988566 -282.92894594190005 -9.776798560778843e-05
-291.126823603106 -291.1268563405987 3.2737492688283965e-05
-259.2700130745124 -259.27001384250144 7.679890359213459e-07
-260.17173049479317 -260.1717304002924 -9.45007627706218e-08
-269.09423681091204 -268.1766395493008 -0.9175972616112631
-254.97371978314638 -254.70313581305948 -0.2705839700869035
-293.7571050056862 -293.75710568325553 6.775693464078358e-07
-287.0697105470929 -287.0697110846044 5.375115392780572e-07
-242.79677119062373 -242.79677078349943 -4.0712430404710176e-07
-270.6094503410774 -270.6094509561617 6.150843319119303e-07
-262.41436121309823 -262.41436104182327 -1.712749622129195e-07
-233.4050041767058 -233.40500462079328 4.4408747612578736e-07
-297.20662936009546 -297.20662931032666 -4.976880063622957e-08
-289.6322680766582 -289.6322689885405 9.118822958953388e-07
-291.3532851436944 -291.3532855155918 3.718973857758101e-07
-230.68410606600153 -230.6841030819152 -2.9840863362551318e-06
-230.03085967705056 -228.63927213647793 -1.3915875405726297
-283.2025367500134 -283.2025367559977 5.984304607409285e-09
-279.2491224268262 -279.2491228360636 4.09237372878124e-07
-286.6209488558895 -286.6209502428081 1.3869185977455345e-06
-284.313810221628 -284.313811569759 1.3481310361385113e-06
-292.4060605433533 -292.40606051212177 -3.123153646811261e-08
-256.79598945964636 -256.79599014742945 6.877830855955835e-07
-270.7717204568779 -270.7717202963296 -1.6054832485679071e-07
-265.4859716083245 -265.48597138494773 -2.233767872894532e-07
-276.54393269101104 -276.54393317488444 4.838734071199724e-07
-243.23097001548885 -243.23096972390988 -2.915789707458316e-07
-279.4498514629958 -279.4498518557259 3.927301008843642e-07
-268.9643564618783 -268.96435717204037 7.101620553839894e-07
-262.110044552357 -262.11004322945575 -1.3229012552073982e-06
-245.97500848851087 -245.9750123670297 3.87851883942858e-06
-323.3128597206775 -323.312856369249 -3.351428517817112e-06
-283.30782681699344 -283.30782782004786 1.0030544217443094e-06
-249.39248204938053 -249.39247973932055 -2.3100599833014712e-06
-281.81438251019875 -281.8143828181591 3.0796036298852414e-07
-260.0921551238034 -260.0921546703786 -4.5342483190324856e-07
-330.6405112209225 -330.6405188199147 7.59899216973281e-06
-261.55197674469673 -261.5519768613475 1.1665076726785628e-07
-211.76580645491637 -211.76580407348388 -2.3814324947579735e-06
-280.8733715018793 -280.8733717277326 2.2585328451896203e-07
-273.6982388313864 -273.6982366778032 -2.1535831820074236e-06
-248.3369968899677 -248.33699823271633 1.3427486180717096e-06
-285.34733276162325 -285.34733288978504 1.2816178696084535e-07
-273.96063525363957 -273.96064095331565 5.699676080439531e-06
-278.2727678160821 -278.27276770548104 -1.106010358853382e-07
-290.3700084349599 -290.3700083373954 -9.756450936038163e-08
-241.31855483764943 -241.3185544243771 -4.1327231770083017e-07
-249.96554327009127 -249.6278203459477 -0.3377229241435771
-266.60799318827645 -266.60799438206527 1.1937888189095247e-06
-256.7962904944783 -256.796288015221 -2.4792572617116093e-06
-231.325533178924 -230.9947617631209 -0.330771415803099
-222.07603342246261 -222.07603574564894 2.323186322428228e-06
-257.205310393553 -256.9963455457371 -0.20896484781593472
-267.05202467305105 -267.0520241065594 -5.664916784553498e-07
-275.7130467217154 -275.71304606567236 -6.560430279023421e-07
-240.8889580055252 -240.7021986671351 -0.18675933839011805
-287.0431832985563 -287.04318099606843 -2.302487871475023e-06
-284.4822554309647 -284.482255236653 -1.9431172404438257e-07
-306.1139442360613 -306.11394472027496 4.842136718252732e-07
-305.5792287967415 -305.5792264836137 -2.313127822617389e-06
-311.7035777379433 -311.7035775535362 -1.8440709936839994e-07
-231.0811155717564 -230.6505803087876 -0.4305352629688173
-238.98898507466924 -238.98898581355445 7.388852054646122e-07
-261.27584064067355 -261.2758415371632 8.964896665020206e-07
-247.0296126113954 -247.02961370742895 1.0960335430354462e-06
-288.94403278158643 -288.94403406262205 1.2810356224690622e-06
-297.0094061656355 -297.0094059352024 -2.3043310193315847e-07
-300.2992580265985 -300.2992575116335 -5.149649950908497e-07
-301.72156008596045 -301.7214325382528 -0.00012754770762057888
-266.2310304588468 -266.23103034182736 -1.1701945368258748e-07
-304.88311544851706 -304.88311454532027 -9.031967920236639e-07
-224.8547739487723 -224.6365985453878 -0.21817540338449248
-249.56111022433427 -249.56111160648186 1.3821475874919997e-06
-297.54464857464757 -297.5446498190791 1.2444315302673203e-06
-242.944569764849 -242.94457082718066 1.0623316484270617e-06
-287.8569101413199 -287.85690974969407 -3.916258037861553e-07
-262.4631997823432 -261.3714064951105 -1.091793287232747
-288.54901322578866 -288.0516804302813 -0.4973327955073614
-233.828762896346 -233.60478007854903 -0.22398281779697982
-292.96424303644096 -292.9642407535045 -2.2829364638710103e-06
-300.3952438266309 -299.7343654561786 -0.6608783704523375
-250.24921544288304 -249.54321138342107 -0.706004059461975
-241.9472652999422 -241.61925974358286 -0.3280055563593294
-215.4073105976734 -215.40731350661093 2.9089375459534494e-06
-262.1572827747668 -261.90412593733186 -0.25315683743497175
-259.55334460392385 -259.55334378379473 -8.20129116618773e-07
-232.86880578593468 -232.50971484160206 -0.3590909443326211
-290.44463569866195 -290.44463574613206 4.7470109620917356e-08
-282.73279376670007 -282.73279028438054 -3.4823195278477215e-06
-271.1650576237471 -271.16505765837144 3.4624349609657656e-08
-318.5607451401136 -318.5607437532242 -1.386889437071659e-06
-287.2414678942854 -287.241467444352 -4.4993339542998e-07
-248.4138174868242 -246.33105313982884 -2.0827643469953614
-319.12845045622225 -319.1284536509456 3.194723319666082e-06
-281.8266108129378 -281.8266074660635 -3.346874336784822e-06
-300.5538878376557 -300.55388753129773 -3.0635794701083796e-07
-236.5769028607909 -236.42577351671346 -0.1511293440774466
-272.28068525897345 -272.28068599394805 7.349746056206641e-07
-291.4421763466118 -291.44217658359173 2.369799290136143e-07
-266.7433712774423 -266.7433712160564 -6.13858901488129e-08
-262.47352613474993 -262.47352816619326 2.0314433299972734e-06
-250.00117857941996 -250.0011792248571 6.454371543895832e-07
-258.38593481728805 -258.3859348656524 4.836437028643559e-08
-294.6588251078226 -294.6588258839655 7.761428832964157e-07
-304.4684923899704 -304.46849228111347 -1.0885690926443203e-07
-275.3788367887643 -275.37883558689407 -1.2018702477689658e-06
-269.5554418243451 -269.555443101746 1.2774008837368456e-06
-253.9866506316029 -253.9866523836672 1.7520642927593144e-06
-269.492055451899 -269.4920553565488 -9.535017397865886e-08
-284.59151597030814 -284.5915150147463 -9.55561858972942e-07
-287.22792691461507 -287.227929917854 3.003238930432417e-06
-256.1134423916107 -256.1651520498532 0.05170965824248697
-251.35277884904966 -251.35278083348985 1.9844401890622976e-06
-257.4108377036149 -257.41083873270173 1.029086831749737e-06
-226.68352164143224 -226.51907915285668 -0.16444248857555976
-318.43800643683005 -318.43800621817905 -2.186509959756222e-07
-256.50458539846716 -256.5045748558432 -1.0542623954279406e-05
-238.42630761924406 -238.41326172576933 -0.01304589347472529
-287.7631649886236 -287.7631651420375 1.534139073555707e-07
-268.0979974924018 -268.0979970646851 -4.277167136024218e-07
-292.39792917333784 -292.3979305728106 1.3994727510180383e-06
-303.38076148885943 -303.15913539307337 -0.22162609578606407
-256.39727504029867 -256.3972767952867 1.75498803400842e-06
-280.59551433211857 -280.5955154150775 1.0829589314198529e-06
-247.2362789991188 -246.6974925557536 -0.5387864433652112
-260.24174422556104 -260.2415914976272 -0.00015272793382337113
-279.3075523807569 -278.3329133866207 -0.9746389941361713
-291.33806606560785 -291.3380660831575 1.7549666608829284e-08
-245.0953783023288 -244.92049215329203 -0.17488614903678013
-225.77952851976943 -225.75192260572098 -0.027605914048450586
-250.0289471943179 -250.02894704884514 -1.454727680538781e-07
-263.8907380383524 -263.89073842703715 3.886847252942971e-07
-275.86688237652703 -275.86686897977273 -1.339675429790077e-05
-310.16653550126773 -310.0929299030125 -0.0736055982552557
-244.6672046522729 -244.66720381638953 -8.358833554211742e-07
-288.13665655042007 -288.1366506149904 -5.935429669534642e-06
-237.26121758055493 -235.85562501778185 -1.40559256277308
-258.70004053466187 -258.6971335096931 -0.0029070249687492833
-239.4583374546865 -239.34780771257346 -0.11052974211304445
-253.19098001776263 -253.19098062683767 6.090750446219317e-07
-244.81399124482536 -244.81395413782377 -3.710700158876534e-05
-312.03095294831814 -312.03094393923465 -9.009083498767723e-06
-218.54214829219077 -218.42957737209434 -0.11257092009643088
-271.0450640666196 -271.0450646851413 6.185217102938623e-07
-270.0818439641994 -270.081843674886 -2.893133910220058e-07
-311.81253832953627 -311.8125363869295 -1.9426067865424557e-06
-259.59257846296373 -259.592576895568 -1.5673957136641548e-06
-275.44065173777284 -275.4406516843602 -5.341263431546395e-08
-303.85586505552993 -303.8558658562775 8.007475571503164e-07
-231.49294365304877 -230.03546293915122 -1.457480713897553
-259.21097166121694 -257.90979376788067 -1.3011778933362734
-298.52184645423256 -298.5218471097251 6.554925562340941e-07
-231.82914298847177 -231.82914455973935 1.5712675747181493e-06
-248.26950515257963 -248.26950553616985 3.8359021914402547e-07
-232.837561532977 -232.50517771563327 -0.33238381734372524
-270.2546050677526 -270.25460477874157 -2.890110408770852e-07
-263.35565929660424 -263.35565782150985 -1.4750943932995142e-06
-224.2260835819258 -224.22608173432081 -1.8476049774562853e-06
-284.6740698121165 -284.67406788684167 -1.9252748302278633e-06
-259.14599136795897 -259.1459905094191 -8.585398632021679e-07
-309.59442404183346 -309.59442315525007 -8.86583393366891e-07
-291.14397564002627 -291.14397157712625 -4.062900018197979e-06
-271.9703542677495 -271.97035438977645 1.2202696098029264e-07
-282.4263639992052 -282.42636471260386 7.133986628105049e-07
-279.8124484965585 -279.81244925387153 7.573130460514221e-07
-274.70725380651197 -274.7072549274453 1.1209333479200723e-06
-276.0699085391975 -276.0699105991529 2.0599553636202472e-06
-289.491288412825 -289.49129074008 2.327255003820028e-06
-200.142858243039 -200.16260027971072 0.01974203667171537
-254.06050902225599 -254.06051085301482 1.8307588334209868e-06
-290.58970884499104 -290.5897104558792 1.6108881482068682e-06
-217.6940217514081 -217.69400092205723 -2.0829350859230544e-05
-277.97389793832633 -277.97389803490125 9.657492228143383e-08
-337.4430107015188 -337.4430111631143 4.615955049303011e-07
-281.9517890873133 -281.8530454919876 -0.09874359532568633
-247.17294753954206 -247.17294749641172 -4.313034196457011e-08
-275.61035752880554 -275.6103571187084 -4.1009712958839373e-07
-266.63130690024826 -266.4847518028923 -0.1465550973559857
-262.62980575811696 -262.6298056075278 -1.505891304987017e-07
-277.0440175807244 -277.04402037925996 2.7985355472992524e-06
-248.3293387753258 -248.32933824837485 -5.269509415484208e-07
-271.0329143851305 -271.03291218220585 -2.2029246338206576e-06
-246.5370969670351 -246.85863636034202 0.32153939330692083
-250.91915012408415 -250.91915185179843 1.72771427742191e-06
-274.99005214021605 -274.990052109166 -3.105003543169005e-08
-254.75222977144142 -254.73435574443428 -0.017874027007138693
-273.8390991575037 -273.8390992291203 7.161656867538113e-08
-268.43503378710426 -268.4350346867193 8.996150313578255e-07
-238.73215455417824 -238.73033817294194 -0.0018163812362956833
-296.3713686594225 -296.3713682042916 -4.55130873433518e-07
-298.9917695875613 -298.99176861814317 -9.694181244412903e-07
-245.39701648677755 -245.39701607710123 -4.0967631775856717e-07
-307.27756731485346 -307.2775671185418 -1.9631164605016238e-07
-262.8692384303061 -262.1029249549153 -0.7663134753908025
-261.3856637954366 -261.3856640723278 2.7689122816809686e-07
-280.5610543684095 -280.5610548453675 4.769580073116231e-07
-290.85842621957715 -290.85842075307374 -5.466503409934376e-06
-243.0136516228321 -243.01365273735541 1.114523314527105e-06
-256.3145910585591 -255.49460721665048 -0.819983841908595
-253.15227341433024 -253.1522725873853 -8.269449267572782e-07
-266.94305253887495 -266.8464642779387 -0.09658826093624384
-262.258825581302 -262.258825872439 2.911369847424794e-07
-235.67469391593647 -235.6746949934931 1.07755661815645e-06
-239.69435892305341 -239.48080215342213 -0.2135567696312819
-241.0659610271286 -241.06663303217698 0.0006720050483863815
-283.15283346438014 -283.15283525539405 1.7910139149535098e-06
-269.1486867123049 -269.1486832448587 -3.4674461630856968e-06
-250.0099740484625 -250.0099740335315 -1.493100398874958e-08
-288.623018779228 -288.6230183747631 -4.044649131174083e-07
-261.106040865621 -261.10604184343237 9.778113394531829e-07
-298.38799762650183 -298.38799883451 1.208008143294137e-06
-262.856684952734 -262.85668507393694 1.2120295878048637e-07
-267.61190445689215 -267.61190183846395 -2.6184281978203217e-06
-258.5746808390737 -258.50141059617783 -0.07327024289588735
-269.80198586986995 -269.80198496958707 -9.002828846860211e-07
-261.1331430675096 -261.13314242193053 -6.455790639847692e-07
-243.37025648788247 -243.3702564814719 -6.410573405446485e-09
-266.10510313218936 -266.10535323297233 0.00025010078297782457
-307.3073189807515 -307.30731958207144 6.013199254084611e-07
-270.6538065830739 -270.6051518031258 -0.04865477994809453
-262.6739296499517 -262.673931640535 1.990583314182004e-06
-277.2347019434132 -277.2347022131478 2.6973458489010227e-07
-259.73433808221506 -259.7343376582443 -4.2397073229949456e-07
-247.0809781892613 -247.0809782948914 1.0563010732766998e-07
-229.44187865148464 -229.39482865029305 -0.04705000119159308
-218.9420482467201 -218.94204871733672 4.706166123469302e-07
-273.6763100189808 -273.6763103569057 3.3792485965022934e-07
-268.4803007716182 -268.4803008047416 3.312339913463802e-08
-239.66697582803752 -239.66697575041692 -7.762059794913512e-08
-288.06523623646876 -288.0652376704095 1.4339407243824098e-06
-275.0900239964746 -275.09002398683566 -9.638938536227215e-09
-238.01709048609683 -238.01709099023236 5.041355279900017e-07
-262.9360039561357 -262.936005943359 1.9872232996931416e-06
-236.49976412423945 -236.4997642542026 1.2996315490454435e-07
-297.51234197853387 -297.51234350497435 1.5264404851222935e-06
-258.1400025231284 -258.0795387128086 -0.060463810319788536
-255.71738791810927 -254.90499111952727 -0.8123967985820002
-288.08933041855835 -288.08932973242 -6.861383212708461e-07
-268.2695020235216 -268.2695010466323 -9.768893391992606e-07
-282.27593534372835 -281.6268412511814 -0.6490940925469317
-262.75130388067527 -262.75130552023035 1.6395550801462377e-06
-251.48028982168262 -251.48028984459745 2.291483269800665e-08
-319.6784816823656 -319.6784817631923 8.082668045972241e-08
-267.87558794233473 -267.8755924388902 4.496555447985884e-06
-257.1847889280995 -256.96699462419326 -0.21779430390625976
-279.1901042260991 -279.19010713553934 2.909440240728145e-06
-318.67606037107987 -318.67606226873426 1.8976543856297212e-06
-254.37851205920919 -254.37851247158198 4.123727990190673e-07
-248.10719637084577 -248.55287318395156 0.4456768131057913
-254.73533320849307 -254.73533426774443 1.0592513604024134e-06
-264.5331635722189 -264.53316330186584 -2.7035304128730786e-07
-279.9783832219215 -279.97838353483763 3.1291614277506596e-07
-264.3680644668105 -264.3680649198052 4.529946977527288e-07
-243.55862839317734 -243.55863096158015 2.5684028059913544e-06
-249.724314820698 -249.72431422809402 -5.926039818859863e-07
-248.85205420456083 -248.85205669993343 2.495372598332324e-06
-284.0816030782375 -284.08160275227624 -3.259612526562705e-07
-263.5015613005878 -263.5015626558279 1.3552401014749194e-06
-331.8929930624052 -331.8929934941595 4.31754301644105e-07
-266.9545807581995 -266.95458060557644 -1.5262304486896028e-07
-313.51183711549754 -313.4805401573468 -0.03129695815073319
-300.13877327350144 -300.1387704554741 -2.81802732615688e-06
-257.644735868522 -257.5915287407579 -0.05320712776409664
-294.61593245401025 -294.61593259009635 1.3608610061055515e-07
-294.8983789042168 -294.89837965584456 7.516277378272207e-07
-277.2195719044688 -277.2195705277672 -1.3767016184829117e-06
-279.88571171902214 -279.88571101275795 -7.06264188465866e-07
-264.87222979747344 -264.87222986150545 6.403200814020238e-08
-256.5156002708253 -256.5156002481329 -2.2692404400004307e-08
-268.9147830137818 -268.9147827701309 -2.4365090212086216e-07
-311.829991843498 -311.79737001118946 -0.03262183230856408
-218.74164375836136 -218.7416491424126 5.38405123506891e-06
-286.0200904557637 -286.0200908207421 3.6497840483207256e-07
-269.3515003465933 -269.35150037933903 3.274573145972681e-08
-268.3654268807587 -268.36542697040574 8.964701692093513e-08
-259.91316235705835 -259.91316145891886 -8.981394898910366e-07
-256.04116244267016 -256.0411616223556 -8.203145398510969e-07
-270.2586297584089 -270.2586399837404 1.0225331493529666e-05
-282.68298604585215 -282.68298670414134 6.58289195598627e-07
-307.7114987702497 -307.7114996998361 9.295864060732129e-07
-280.35828060902503 -280.3316753883118 -0.026605220713236122
-273.08928545729003 -273.0892862392176 7.819275538167858e-07
-261.726034663426 -261.2677358918801 -0.4582987715459126
-291.3427180495413 -291.3427184060501 3.56508792265231e-07
-239.428155835266 -239.42815558594395 -2.4932205633376725e-07
-272.97091564230135 -272.9709140305874 -1.611713969396078e-06
-263.454670782907 -263.4546698026072 -9.802997738006525e-07
-253.22780629516132 -253.14446028428864 -0.08334601087267401
-282.1989034770668 -282.19890422152787 7.444610901075066e-07
-333.25879348108214 -333.25878621287563 -7.268206502430985e-06
-251.0527607126141 -251.05275991443676 -7.981773251231061e-07
-287.32986438091916 -286.8783193270261 -0.45154505389308497
-279.42812451146324 -279.4281226661002 -1.8453630445947056e-06
-274.8087554979325 -274.56101597577975 -0.24773952215275585
-241.02962636319668 -241.0296258262262 -5.369704751956306e-07
-285.91777706390775 -285.6975012206637 -0.22027584324405325
-264.4920520128511 -264.4920527983486 7.854974910515011e-07
-282.41042214148325 -282.3117493897535 -0.09867275172973677
-285.8847001344303 -285.88470082334277 6.889124506415101e-07
-316.0705092036069 -316.0705090255768 -1.7803006358008133e-07
-254.13588556248627 -254.1358859544108 3.919245443739783e-07
-222.68767692322578 -222.34800684330492 -0.3396700799208645
-334.7914649835524 -334.7914648960112 -8.754119562581764e-08
-290.79908108763857 -290.79907958429607 -1.5033425029287173e-06
-281.2043003946063 -281.1875346525497 -0.01676574205663428
-289.564976363086 -289.12868999241795 -0.43628637066802867
-229.07422343781556 -229.07422549438598 2.0565704232922144e-06
-256.34525922956027 -256.34525906097616 -1.6858410845088656e-07
-253.172741547076 -252.95257459453998 -0.2201669525360046
-265.8465154302704 -265.8465046549011 -1.0775369332804985e-05
-271.5508203551577 -271.55082001652795 -3.386297748875222e-07
-284.0843967801826 -284.0844016598636 4.879681000602432e-06
-294.11637726212325 -294.1163775403284 2.7820516379506444e-07
-317.67034707840656 -317.670343829278 -3.249128553761693e-06
-250.97659284312905 -250.97659270042902 -1.4270003134697617e-07
-264.71353918161515 -264.7135368066265 -2.374988639530784e-06
-263.27921412793546 -263.2792149961956 8.682601446707849e-07
-270.64827819747126 -270.64828163375967 3.4362884093752655e-06
-267.1288528633378 -267.1018488961423 -0.02700396719546916
-301.4217215964813 -301.42172156588225 -3.05990397464484e-08
-283.51706967714927 -283.2578852192422 -0.2591844579070539
-275.2571834924214 -275.2571832514059 -2.410155275356374e-07
-242.98242039673224 -242.9824206672456 2.7051336815020477e-07
-269.5737507878817 -269.57375013243546 -6.554462288477225e-07
-250.26485252135896 -250.26485219272885 -3.286301080152043e-07
-262.8381699587868 -262.8381707162715 7.574847131763818e-07
-288.59431088351295 -288.59429818739636 -1.2696116584720585e-05
-271.52344480441224 -271.5234454800182 6.756059747203835e-07
-233.9849255787442 -233.98492545387387 -1.2487032563512912e-07
-296.22842041672413 -296.22841983080605 -5.859180873812875e-07
-245.81103254165728 -245.77592361306154 -0.0351089285957471
-290.5086840338177 -290.508683829633 -2.0418468693605973e-07
-260.5589117736057 -260.5589110395763 -7.340294132518466e-07
-288.35165303223766 -288.3120319430961 -0.03962108914157625
-257.6063121596638 -257.6063130294371 8.697733164808596e-07
-267.22179766179374 -266.8589485166857 -0.36284914510804356
-264.7899906142635 -264.7899916057968 9.91533283922763e-07
-259.52060161867064 -259.52060482826437 3.2095937285703258e-06
-279.96481157830596 -279.9648119515137 3.7320774026738945e-07
-242.20748458720274 -242.20748479829294 2.1109019598952727e-07
-254.31288966766337 -254.30468715579815 -0.00820251186522114
-296.1412193117475 -296.1412143251415 -4.986605972590041e-06
-270.2670244326768 -270.2668277262893 -0.00019670638749857972
-285.04988488506075 -285.04988310254265 -1.7825180975705734e-06
-261.88811062546506 -261.88811095828447 3.32819411141827e-07
-270.94355591400813 -270.9435568886449 9.746367481966445e-07
-255.3055939355288 -255.30559618820553 2.252676722491742e-06
-250.59171255149496 -250.59171802970283 5.478207867781748e-06
-261.9236426374044 -261.9236223252115 -2.0312192873461754e-05
-258.7597626146989 -258.75976317309653 5.583976303569216e-07
-284.11731735626586 -284.1173195670187 2.210752825249074e-06
-305.4941505473782 -305.49415127862636 7.31248178453825e-07
-271.08407942550514 -268.97594468325053 -2.108134742254606
-267.4465296620257 -267.44653160755576 1.9455300730442104e-06
-288.3878354822098 -288.38783357223423 -1.9099755945717334e-06
-275.8721946374692 -275.72505882114865 -0.1471358163205423
-300.35939760682015 -300.359398214885 6.080648518036469e-07
-258.2512472875081 -258.2512464556925 -8.318155551023665e-07
-292.84242902625004 -292.84242787667466 -1.1495753824419808e-06
-270.2884220838309 -270.28842315620676 1.0723758805397665e-06
-233.62647467784748 -233.6264736645609 -1.013286578199768e-06
-274.16138770261415 -274.1613877621797 5.956553650321439e-08
-341.5906537109147 -341.59065152991997 -2.180994727041252e-06
-293.5986736983288 -293.5986755318226 1.8334937976760557e-06
-251.1841194875998 -251.18411920481321 -2.82786572824989e-07
-257.6193790901956 -257.6193795715724 4.813767873201868e-07
-225.57679398509407 -225.57679389356974 -9.152432767223218e-08
-289.0331211163277 -289.03312100707893 -1.0924878779405844e-07
-231.81641034998512 -231.81021665738766 -0.006193692597463496
-292.48548807811846 -292.48548843733823 3.592197685975407e-07
-288.52897563570264 -288.52897515131804 -4.843845999857876e-07
-242.22451649036913 -242.22451761057462 1.120205496363269e-06
-289.4411999908913 -289.44119621790975 -3.7729815289822e-06
-288.6585091307903 -288.6585088728836 -2.5790671998038306e-07
-260.3456307778001 -260.3456342696575 3.491857398785214e-06
-265.70533957001714 -265.69307340463695 -0.01226616538019698
-282.6049547113415 -282.60495558283003 8.714885098015657e-07
-259.60554209775194 -259.60536163558913 -0.00018046216280254157
-289.8220785076405 -289.8220787428407 2.352001615690824e-07
-260.1998792953663 -260.19987919513943 -1.002268845695653e-07
-318.48265851963475 -318.48266225971037 3.7400756127681234e-06
-246.25599035486513 -246.2559901488271 -2.0603803818630695e-07
-252.02544731438712 -252.03374269197937 0.008295377592247632
-310.1313134036576 -310.1313127402425 -6.634151077378192e-07
-297.5359471794249 -297.53595162772723 4.448302320270159e-06
-260.216683106305 -260.10507004241043 -0.11161306389459469
-290.8790871702443 -290.8789487476689 -0.00013842257538954073
-280.24924687341166 -280.1704824479208 -0.07876442549087415
-290.68612611201604 -290.68611011149517 -1.6000520872694324e-05
-337.61896027193137 -337.6189610092508 7.373194534920913e-07
-251.9133476621113 -251.91334779593734 1.3382603469835885e-07
-287.9094793986015 -287.9094821643036 2.7657021064442233e-06
-264.0104762916727 -264.01047458992923 -1.7017434856825275e-06
-208.918625378657 -208.66600463725968 -0.2526207413973225
-226.49884223318176 -226.29876889494366 -0.20007333823809859
-306.52781312282343 -306.52781333780115 2.1497771740541793e-07
-279.5842712711438 -279.5842592888232 -1.1982320586412243e-05
-308.44233233150356 -308.4423326717351 3.4023150874418207e-07
-274.97692222984597 -274.97692195228564 -2.7756033205150743e-07
-255.15129774510126 -254.85841830202062 -0.2928794430806363
-260.89940197109814 -260.89940191115267 -5.994547791488003e-08
-263.51028004903395 -263.5102799863412 -6.269277719184174e-08
-279.1671047010463 -279.167104899199 1.9815269070022623e-07
-284.73375860697547 -284.73375798778915 -6.191863235471828e-07
-235.15452654518907 -235.15452983240573 3.287216657099634e-06
-246.2095806056955 -246.12719211941072 -0.08238848628477058
-238.42544205168485 -238.42544225352543 2.0184057802907773e-07
-238.4646115985551 -238.46461186065835 2.6210324222120107e-07
-284.91736552902944 -284.9173637770691 -1.751960326146218e-06
-266.66834420722626 -266.66834420202525 -5.201002295507351e-09
-253.95654103700832 -253.22714016806654 -0.7294008689417808
-276.5099349782846 -275.75609893274134 -0.7538360455432667
-249.60196188048008 -249.5211866342606 -0.08077524621947418
-240.4183937453727 -240.41839656675054 2.8213778477947926e-06
-284.41363504345503 -284.41363570376967 6.603146402994753e-07
-261.3224677643344 -261.31818468115927 -0.004283083175153024
-260.7723504484898 -260.7723515026289 1.0541390906837478e-06
-270.42725554891126 -270.4272545441217 -1.0047895671050355e-06
-281.0150021618283 -281.0147872108545 -0.00021495097382739914
-313.30100159263856 -313.3010028380713 1.2454327702471346e-06
-285.43953374994135 -285.4395336083463 -1.415950237060315e-07
-307.5976565406788 -307.5976585795258 2.038846957930218e-06
-260.36351556836263 -260.3635159674395 3.990768959738489e-07
-265.1780214439058 -263.5203566918306 -1.6576647520751635
-248.63634902325447 -248.63634901715915 -6.0953198044444434e-09
-281.78809054940956 -281.7880902208274 -3.285821321696858e-07
-265.86360311382265 -265.8636029526965 -1.6112613820951083e-07
-302.9453457295037 -302.9453469709106 1.2414068919497367e-06
-301.6597921753217 -301.47637509524054 -0.1834170800811421
-286.7971564190637 -286.7971605776653 4.1586015981920355e-06
-264.2641312730176 -264.2641313704642 9.744661610966432e-08
-265.9017608213536 -265.9017607526717 -6.86819134898542e-08
-242.43851731443354 -242.43851640066646 -9.13767081556216e-07
-217.1832446127243 -217.18324444122544 -1.714988684398122e-07
-277.27345238008786 -277.27345289204385 5.119559887134528e-07
-288.00696208252685 -288.00696174903806 -3.334887992423319e-07
-284.542066546342 -284.4312651897818 -0.11080135656021639
-272.63894198688524 -272.0295700408852 -0.609371946000067
-286.75776263504383 -286.75776259200177 -4.304206413507927e-08
-264.09758108918254 -264.0975810491282 -4.005431719633634e-08
-272.4363033990434 -272.43630394089956 5.418561386250076e-07
-272.5651142983064 -272.56511467423275 3.7592633361782646e-07
-252.66106138559152 -252.6157303305967 -0.04533105499481849
-256.51658546235615 -256.5095729347996 -0.007012527556526038
-251.18911451113763 -251.1891153063354 7.951977636366792e-07
-265.45267827052425 -265.4526790177878 7.472635275007633e-07
-281.45478028740536 -281.4547833371942 3.0497888587888156e-06
-221.21428905743494 -220.58856802030562 -0.625721037129324
-285.7902225827682 -285.7902222715751 -3.1119310506255715e-07
-257.6552952486686 -257.65529374368856 -1.5049800481392595e-06
-278.6541145994698 -278.654113427906 -1.171563781099394e-06
-337.889759839664 -337.88976002793083 1.8826682435246767e-07
-302.6967187513481 -302.6967188807028 1.2935470294905826e-07
-278.925780869514 -278.92578029988744 -5.696265930055233e-07
-265.50300228720636 -265.5029850880911 -1.719911523423434e-05
-249.78419825288327 -249.7841981350663 -1.1781696684920462e-07
-248.9482245915886 -248.94490749051613 -0.003317101072468631
-270.85979090210907 -270.8597895194119 -1.3826971780872555e-06
-268.68129345753323 -268.6809753324187 -0.0003181251145178976
-281.39680527884894 -280.7094082165627 -0.6873970622862657
-290.3005894362416 -290.2489551681336 -0.0516342681079891
-313.304279768578 -313.30427954309664 -2.2548135802935576e-07
-247.54071398699304 -247.54071469101717 7.040241314371087e-07
-295.6937976492884 -295.69379934672924 1.6974408367786964e-06
-259.8193547331695 -259.8193510656931 -3.6674763919108955e-06
-308.52305893043706 -308.523049596398 -9.334039077657508e-06
-268.84865447804566 -268.84865260794777 -1.8700978898777976e-06
-258.7605651669102 -258.55168151157113 -0.20888365533909337
-307.3717201644314 -307.14284409059155 -0.22887607383984232
-281.77347528978925 -281.77347460894964 -6.80839605138317e-07
-268.9461006559846 -268.9461001125535 -5.43431099231384e-07
-227.2807300579541 -227.2807307270519 6.69097801164753e-07
-264.84181497770294 -264.8418144649148 -5.127881195221562e-07
-258.350072147984 -258.3500719527768 -1.9520723526511574e-07
-234.74092643130504 -234.74092889482856 2.4635235149617074e-06
-238.96892009313956 -238.78850495114904 -0.18041514199052244
-275.98186221693294 -275.9818650954597 2.8785267431885586e-06
-230.21140274787638 -229.78432688792464 -0.42707585995174213
-219.53440260782523 -219.53440310198 4.94154761554455e-07
-280.8408913599012 -280.84089149736906 1.3746785043622367e-07
-289.5100405091962 -289.5100398687299 -6.404662826753338e-07
-252.999441004949 -252.99943956056833 -1.4443806719555141e-06
-289.31140910597645 -289.3114095688249 4.6284844756883103e-07
-255.27052531682355 -254.9259359019614 -0.3445894148621562
-280.4086544339295 -280.2689420531332 -0.1397123807963112
-262.5493389086464 -262.54934240142853 3.492782127523242e-06
-272.32708273711967 -272.327084809218 2.072098311600712e-06
-271.33342970482204 -271.3334292350747 -4.697473627857107e-07
-297.7463217727458 -297.7463214479455 -3.248002826694574e-07
-315.41616711782774 -315.4161678169188 6.990910605964018e-07
-267.01835725097555 -267.0183560263677 -1.2246078426869644e-06
-209.08532202167865 -209.08532289598907 8.743104160657822e-07
-242.02219178944517 -242.02215881123598 -3.2978209191014685e-05
-243.7853055192626 -243.7853028264027 -2.692859908393075e-06
-299.87820903491917 -299.87821184793387 2.8130147029514774e-06
-270.95732548585875 -270.9573250205942 -4.652645202440908e-07
-237.90240882139807 -237.90240915227852 3.308804537027754e-07
-291.1712030496167 -291.171203803555 7.539383091170748e-07
-247.27137919294503 -246.56669814398418 -0.7046810489608504
-264.64420838609334 -264.6442084890911 1.0299777386535425e-07
-260.3022618604957 -260.3022625445005 6.840047603873245e-07
-271.1226060376261 -271.0845383857517 -0.03806765187437122
-290.5771262551604 -289.9768433067044 -0.6002829484560266
-261.263349301013 -260.7877337087405 -0.4756155922725043
-289.1607353949042 -289.1607283516101 -7.043294090181007e-06
-275.40180343639116 -275.40180254549495 -8.908962172426982e-07
-235.28546688556744 -235.2854674023443 5.167768506453285e-07
-245.84127767045658 -245.84127706271747 -6.07739110591865e-07
-257.4128502393 -257.4128498987437 -3.405563120395527e-07
-267.29665322163413 -267.2966534064085 1.8477436469765962e-07
-242.1499225453119 -242.1498933061489 -2.923916301256213e-05
-237.7570280253008 -237.48890278983737 -0.2681252354634296
-256.04030870242076 -256.0403087194176 1.6996864360407926e-08
-259.1107112647346 -259.02913025562407 -0.08158100911055044
-302.5932527977628 -302.5932526866157 -1.1114707376691513e-07
-247.50330454420921 -246.08651368246768 -1.4167908617415321
-264.89924523002 -264.89923645694506 -8.773074910095602e-06
-238.16267118859926 -238.1626704262361 -7.623631574915635e-07
-215.7704254913529 -215.33378333074108 -0.43664216061182515
-288.25123058488964 -288.25123052131005 -6.357959136948921e-08
-290.1181569412036 -290.1181561516198 -7.89583793903148e-07
-309.22837280646945 -309.2283731354016 3.2893217394303065e-07
-253.90692034560868 -253.90691886714995 -1.47845872788821e-06
-265.5284435513333 -265.52844413934355 5.880102662558784e-07
-269.39144287335654 -269.39144299464016 1.2128361959184986e-07
-266.86304262387347 -266.8630431378646 5.139911536389263e-07
-250.19880658300332 -250.13038983484182 -0.06841674816149634
-284.6946268520527 -284.69462874032814 1.8882754488913633e-06
-289.95812169576936 -289.4467125742963 -0.5114091214730365
-276.25690791511613 -274.2533101785457 -2.003597736570441
-281.55043167443307 -281.55043334680533 1.6723722637834726e-06
-246.08592308398488 -246.08592326229632 1.7831143850344233e-07
-242.35877301663425 -242.2862933858406 -0.0724796307936515
-260.595663324451 -260.5956592936292 -4.030821799005935e-06
-237.35683987659183 -237.3568400797232 2.0313137838456896e-07
-236.90550442883665 -235.92272268593806 -0.9827817428985952
-311.84404919777927 -311.84404892815155 -2.6962771926264395e-07
-288.181517001079 -288.1815170955108 9.443181170354364e-08
-238.7727943351237 -238.76870291681408 -0.00409141830962767
-239.61089758528982 -239.1926115379741 -0.4182860473157177
-242.9518054957272 -242.95180519352317 -3.022040289124561e-07
-243.59719994561596 -242.5195137924265 -1.077686153189461
-237.75508456819762 -237.12246330838335 -0.6326212598142718
-263.02331944739336 -263.0233196737752 2.2638181462752982e-07
-315.22051635755696 -315.2205171646354 8.070784360825201e-07
-276.711009703113 -276.7110052437712 -4.4593418238036975e-06
-231.75527331968857 -231.75527394874877 6.290601959335618e-07
-282.914422731597 -282.9144225236457 -2.0795130240003346e-07
-294.99662514461016 -294.9966249823955 -1.622146896806953e-07
-263.8938062150542 -263.89380644041444 2.2536022470376338e-07
-281.5417848360156 -281.54178449447187 -3.415437390685838e-07
-246.85612046658096 -246.85612180519755 1.3386165846895892e-06
-276.16874807403593 -276.1687488545474 7.805114705661254e-07
-252.01933259984935 -251.2525476890387 -0.7667849108106566
-275.3238399779126 -275.32384046542825 4.875156491834787e-07
-246.77100035222816 -245.67065257108095 -1.1003477811472067
-246.03845066738896 -245.95179588645448 -0.08665478093448087
-285.81503466600844 -285.64749997568174 -0.1675346903267041
-290.6233764104345 -290.61051412285667 -0.012862287577831921
-272.72959335450105 -272.72959360854765 2.540465970923833e-07
-305.6750633386819 -305.675064447384 1.108702065266698e-06
-238.49076267581046 -238.49076327110413 5.952936703579326e-07
-288.7217508277105 -288.7217518558667 1.0281562481395667e-06
-251.0219879625465 -251.02198817377626 2.1122977500454e-07
-273.89766031828555 -273.8976600477625 -2.7052305995312054e-07
-292.07614149457044 -292.0761385222816 -2.9722888257310842e-06
-230.6424498643757 -230.64245095267518 1.0882994843086635e-06
-308.75777469338743 -308.757772617368 -2.0760194274771493e-06
-238.78957054337207 -238.72625991914975 -0.06331062422231071
-255.43598234666104 -255.43598246541586 1.1875482641698909e-07
-299.3233786526359 -299.3233784838383 -1.687975554887089e-07
-297.8533508340984 -297.85335146034805 6.26249629931408e-07
-274.57621786464955 -274.5762173515243 -5.131252578394196e-07
-263.0910999965392 -263.09109972134723 -2.7519195100467186e-07
-274.5396229919039 -274.5396221593495 -8.325544058607193e-07
-260.81161929999894 -260.8116204894135 1.189414547297929e-06
-270.4482607309282 -270.44825987678666 -8.54141546824394e-07
-243.89920272707423 -243.8992023314496 -3.956246246161754e-07
-254.48979858492672 -254.48979936557936 7.806526411968662e-07
-304.73930846714103 -304.6506713290052 -0.08863713813582308
-297.83566811824073 -297.83566775534257 -3.628981630754424e-07
-284.2448064765136 -283.73830473194755 -0.5065017445660374
-258.5321403881104 -258.5321601103633 1.972225288682239e-05
-275.61489136604 -275.61489072732195 -6.387180633282696e-07
-252.8316410232351 -252.83164019975635 -8.234787571836932e-07
-281.5906828752136 -281.5906821521379 -7.230756864373689e-07
-313.63213403763416 -313.63213465868597 6.210518108673568e-07
-241.2786616507021 -240.98504161435358 -0.2936200363485284
-231.2759266560847 -231.27592703427467 3.78189980665411e-07
-300.22592752316524 -300.2259246907968 -2.832368465988111e-06
-289.5553661822756 -289.55536539641565 -7.858599246901576e-07
-315.07525204241966 -314.92006673502976 -0.15518530738989966
-247.2363185163367 -247.23631840596084 -1.1037585068152111e-07
-266.78512969147664 -266.7851297015257 1.0049063803307945e-08
-281.355670977267 -281.3556711508851 1.7361810478178086e-07
-259.8442948822687 -259.8442943516137 -5.306549724082288e-07
-260.3863943863452 -259.6588337072223 -0.7275606791229166
-260.63623301968676 -260.6362331010426 8.135583584589767e-08
-233.00913844775252 -233.00913785684676 -5.909057563258102e-07
-306.1031751231282 -306.1031756615092 5.383810162129521e-07
-261.77743589062584 -261.748421382044 -0.029014508581838072
-262.6005126711567 -262.1680587384102 -0.4324539327465118
-249.7671815652629 -249.76674600885548 -0.0004355564074103313
-277.68654734931977 -277.5305645143737 -0.15598283494608722
-229.9669431140581 -229.9669426443889 -4.696692030847771e-07
-265.7080618365887 -265.70806298456205 1.1479733643682266e-06
-259.7553383048822 -259.44560129678933 -0.30973700809283855
-275.0531200717009 -274.7016781872483 -0.3514418844525835
-284.5380901039819 -284.5380906773666 5.733846819566679e-07
-231.86954506257698 -231.86954538923328 3.2665630556039105e-07
-291.1212087862249 -291.1212103431029 1.5568780327157583e-06
-250.90954546658986 -250.90954541900592 -4.7583938567186124e-08
-297.5422525185505 -297.5422543556277 1.8370771499576222e-06
-271.34899929362666 -271.34899512776553 -4.165861128058168e-06
-252.28452926683576 -252.2845321382443 2.871408526061714e-06
-298.6689818188225 -298.66898100509263 -8.137298550536798e-07
-272.0360786556579 -272.0360818075355 3.1518775926997478e-06
-283.91328202218534 -283.9132824284573 4.062719654029934e-07
-317.22572599129205 -317.2257269284898 9.37197739858675e-07
-301.96564367223147 -301.96564067973765 -2.9924938189651584e-06
-295.2446295162331 -295.2446325787884 3.0625553222307644e-06
-244.98717671817 -244.52648458578747 -0.46069213238251905
-252.91816896128074 -252.91816878018858 -1.810921617106942e-07
-253.35550507006744 -253.2694570953899 -0.0860479746775411
-291.8991408387184 -291.89914089883104 6.011265440974967e-08
-283.589300122104 -283.5892948384789 -5.283625114316237e-06
-275.303214244615 -275.3032145004648 2.5584978402548586e-07
-286.0475467549783 -286.0475451622253 -1.5927530512271915e-06
-281.36927930632726 -281.36928094382847 1.637501213735959e-06
-267.2738398850737 -267.27384063960284 7.545291396127141e-07
-271.32231688633476 -271.3223171828506 2.965158500956022e-07
-252.79227843416066 -251.50042729366277 -1.2918511404978972
-253.29911595197234 -253.29911607909855 1.2712621355603915e-07
-269.80263792622713 -269.80263730346473 -6.227623998711351e-07
-218.69811769283922 -218.52912343511701 -0.1689942577222041
-276.66280951710377 -276.6628090768599 -4.402438662509667e-07
-274.68260960356787 -274.6826103455515 7.419836265398772e-07
-239.89191408613445 -239.89192465581783 1.0569683382755102e-05
-247.43555487695937 -247.4355547542521 -1.227072630172188e-07
-272.75159631359116 -272.75159646576554 1.5217437976389192e-07
-324.1785471047443 -324.1780047832676 -0.0005423214767006357
-316.54891151573764 -316.5489131919202 1.6761825349931314e-06
-259.9872738902994 -259.9872736487384 -2.415609969830257e-07
-260.24377831247085 -260.2437789031054 5.906345563744253e-07
-301.13071906595644 -301.1307195481355 4.821790753339883e-07
-240.4652367678899 -240.46521619713505 -2.0570754855953055e-05
-254.25728985181127 -254.2572914441086 1.5922973375381844e-06
-285.2901601784348 -285.237471071828 -0.052689106606806035
-292.5300988160033 -292.5288392674954 -0.0012595485079032187
-238.25084717992883 -238.2508478863509 7.064220710617519e-07
-323.1027473669734 -323.1027402653642 -7.101609185156121e-06
-311.8070490419234 -311.8070489393873 -1.0253609161736676e-07
-285.2124837947253 -285.21248426836877 4.7364346755784936e-07
-279.49092252557506 -279.4909224651419 -6.04331376052869e-08
-293.9820893461247 -293.98209215776546 2.8116407406741928e-06
-261.68529780067877 -261.68529822828975 4.276109848433407e-07
-311.66083671195935 -311.6608368888292 1.7686983255771338e-07
-239.1987736636966 -239.1987742417086 5.780119920473226e-07
-279.8431613755141 -279.54612769709485 -0.2970336784192682
-292.3444190754303 -292.34442127764333 2.202213011059939e-06
-286.0708036959908 -286.0708024941526 -1.2018381880807283e-06
-311.3468479889033 -311.2884884765739 -0.05835951232938896
-254.40750440691045 -254.40750614957676 1.7426663134756382e-06
-259.30761207042576 -258.7422149280015 -0.5653971424242741
-264.2762005116899 -264.2762009154522 4.0376227161686984e-07
-248.99906340119463 -248.99902330287557 -4.0098319061598886e-05
-276.05653928581864 -276.05653538214835 -3.9036702901285025e-06
-254.0947074945766 -254.09470503671872 -2.457857874560432e-06
-293.1676985724208 -293.1676995853403 1.0129194834007649e-06
-249.57235569003814 -249.57229334031496 -6.234972317997745e-05
-228.97450644765348 -228.70325656807103 -0.27124987958245583
-267.9849227741296 -267.9849226539054 -1.2022417195112212e-07
-259.4577574750722 -259.45775747446135 -6.108393790782429e-10
-282.73773379130694 -282.7062339782668 -0.03149981304011362
-268.4190125663779 -267.7814596221916 -0.6375529441862682
-240.31784425324298 -240.31784403046532 -2.227776576546603e-07
-304.79154501651334 -304.79154686163014 1.8451167989042006e-06
-280.11918218305806 -280.1191819880243 -1.9503374915075256e-07
-222.77820959190035 -222.77820893060718 -6.612931713334547e-07
-269.3714972005426 -268.4118789002009 -0.9596183003416741
-263.75945863645546 -263.75289453576977 -0.006564100685693575
-268.2105068946801 -268.21050683283806 -6.184205858517089e-08
-258.7425528206141 -258.7425537690672 9.484530778536282e-07
-262.49341326888697 -262.49341421750404 9.486170711170416e-07
-304.21446169626 -304.2144628227895 1.1265295256635e-06
-297.13737250313864 -297.13737470277215 2.1996335135554546e-06
-250.4937888087732 -250.49378878573873 -2.303445967299922e-08
-283.03724616465826 -283.0372473094537 1.1447954193499754e-06
-261.73740353788816 -261.7134417493578 -0.023961788530357353
-253.69377167579455 -253.69372330934286 -4.8366451693482304e-05
-290.6677112281887 -290.66771186134065 6.331519557534193e-07
-278.5322805693638 -278.53228027138556 -2.979782607326342e-07
-277.22204411246446 -277.2220440763469 -3.611756937971222e-08
-266.75150178669577 -266.73442206533497 -0.01707972136080116
-277.9380822857488 -277.9380819566494 -3.2909940728131915e-07
-295.878370685217 -295.87837075671393 7.149691327867913e-08
-268.68185956833315 -268.6818544833167 -5.0850164257099095e-06
-267.50379890421783 -267.17183955779 -0.33195934642782277
-299.8050864888359 -299.80508793564223 1.446806322746852e-06
-268.70765836766907 -268.68234264967236 -0.025315717996704734
-233.75382531003174 -233.64010973685242 -0.11371557317932002
-239.3487104691137 -239.34871205242564 1.5833119277885999e-06
-310.8545268772896 -310.0688678751517 -0.7856590021378906
-255.87950610524666 -255.87950587561096 -2.2963570245337905e-07
-269.87197799023636 -269.55099252589025 -0.32098546434610853
-265.29161604244405 -265.29161731351945 1.2710754049294337e-06
-282.18922535532164 -282.1892260925879 7.372662480520376e-07
-234.5254747953884 -234.27894645780572 -0.24652833758267434
-256.8432788033093 -256.84327845511183 -3.4819748861991684e-07
-325.7758864604666 -325.77588664641274 1.8594613493405632e-07
-245.77654361082435 -245.77654440039333 7.895689861925348e-07
-253.32311115998982 -253.32311173779027 5.778004492640321e-07
-234.54300678611696 -234.54300677206453 -1.4052432106836932e-08
-320.97970627060675 -320.9797063038079 3.3201160931639606e-08
-248.4351524772846 -248.43515477252717 2.295242580885315e-06
-245.73315620012374 -244.2328488110034 -1.5003073891203371
-280.11521977731803 -280.1152192628498 -5.144682404534251e-07
-256.0338550404995 -256.03385538568483 3.451853558544826e-07
-266.54810612631337 -266.54810618565557 5.9342198710510274e-08
-259.2701467730783 -259.0080947304797 -0.2620520425986115
-245.3685553073107 -245.36855802155299 2.714242299362013e-06
-227.75228477505175 -227.75228591720276 1.1421510066611518e-06
-255.53688821732152 -255.53688826480277 4.7481250931014074e-08
-265.05229541388803 -265.05229564002695 2.261389226987376e-07
-281.72124649200543 -281.0278306037412 -0.6934158882642123
-253.77228111408863 -253.77228119937422 8.528559192200191e-08
-232.39084899135355 -232.39084850930084 -4.820527124138607e-07
-262.6704059421719 -262.6704037780861 -2.164085799449822e-06
-226.10169383179237 -226.10157324518943 -0.00012058660294655965
-286.03948841246927 -285.93200389455586 -0.10748451791340585
-230.25284454374625 -230.02106872910957 -0.23177581463667707
-275.70003840743965 -275.7000341491869 -4.2582527726153785e-06
-328.7301559105057 -328.7301565203066 6.098009066590748e-07
-292.6530373791823 -292.6530378200209 4.408386189425073e-07
-249.5934885779373 -248.67672613064292 -0.9167624472943885
-285.17310211680024 -284.89405015359137 -0.2790519632088717
-258.90139906377294 -258.7557566795749 -0.14564238419802678
-287.30252079315585 -287.11740296174537 -0.18511783141048
-277.0829234402988 -277.0829240355972 5.95298388361698e-07
-295.7755577147187 -295.77555698333884 -7.313798278119066e-07
-314.99179451768373 -314.9917930486335 -1.4690502325720445e-06
-285.79792998468963 -285.7979300587979 7.410824309772579e-08
-268.4242828564632 -268.42428348094523 6.244820269785123e-07
-290.16090641046264 -290.16090656827106 1.578084152242809e-07
-311.7371399552084 -311.7371399089421 -4.6266336539702024e-08
-295.54341339527423 -295.5434137474303 3.521560643093835e-07
-261.6312172630711 -261.4805758303744 -0.15064143269671604
-247.97781255740853 -247.9778115640812 -9.93327319065429e-07
-279.55624802902463 -279.5562482284293 1.9940466700063553e-07
-234.37089416254258 -234.37089452997463 3.6743205100719933e-07
-231.18780952228832 -231.1883691978137 0.0005596755253804986
-256.48292064288944 -256.4829204968167 -1.4607275033995393e-07
-271.03833409942854 -271.0383351702293 1.0708007494031335e-06
-268.4013911200037 -268.401389646006 -1.4739977132194326e-06
-285.8865422367985 -285.88654187724467 -3.5955383737018565e-07
-250.77268395194517 -250.77268405968593 1.0774076031339064e-07
-244.7009963811413 -244.70100049369978 4.1125584857582e-06
-283.0339987060063 -283.03398387178487 -1.4834221417459048e-05
-294.052478840974 -294.0524785801227 -2.6085132276421064e-07
-283.63112808144996 -283.63112080525195 -7.276198005001788e-06
-276.2371830019516 -276.2371828136429 -1.8830871795216808e-07
-266.56462894630533 -266.5646276507202 -1.295585150273837e-06
-208.40502207369346 -209.05460495142654 0.6495828777330814
-302.06113015071145 -301.71613494105236 -0.34499520965908914
-255.46388438046813 -255.46388431295696 -6.7511166434997e-08
-245.4975838005627 -245.49758401070667 2.1014398043917026e-07
-249.8305219344487 -249.83052263438353 6.999348158842622e-07
-280.86630354142136 -280.86630543084254 1.8894211848419218e-06
-311.1377996627182 -311.13780023669483 5.739766493206844e-07
-287.59519824645025 -287.5951983808861 1.3443582247418817e-07
-269.49077318265967 -269.49077385456224 6.71902569138183e-07
-259.1604445601692 -259.160444264196 -2.9597322281915694e-07
-264.6416893196511 -264.64169015717556 8.375244533453952e-07
-277.31586654590325 -277.3158683204764 1.7745731497598172e-06
-231.91634702938882 -231.49237877883016 -0.4239682505586586
-264.29686980474037 -263.6660746898021 -0.6307951149382802
-290.1964586795017 -290.1964589249812 2.454794980621955e-07
-240.72862770401684 -240.72862769939752 -4.6193235903047025e-09
-271.8845799592706 -271.87894076379143 -0.005639195479147929
-234.70109654924022 -234.70108929745874 -7.251781482864317e-06
-266.06954478750333 -265.83342864156674 -0.2361161459365917
-275.4171618101443 -275.1957644626496 -0.22139734749470108
-291.5290673926333 -291.52906679787577 -5.947575232312374e-07
-266.31627065081494 -266.316270256382 -3.9443295918317745e-07
-260.848220424782 -260.8195087352829 -0.02871168949911862
-280.32677893506184 -280.32679494369916 1.6008637317099783e-05
-323.28033145242784 -323.2803328264402 1.374012356336607e-06
-236.22545356912624 -236.14589212012316 -0.07956144900308004
-266.6774267157307 -266.67742658065134 -1.3507934681911138e-07
-276.1914518579338 -276.19145129448174 -5.634520903186058e-07
-298.18042782075474 -298.18042776480576 -5.59489876650332e-08
-282.9978318778683 -282.9978320952919 2.1742363287557964e-07
-253.94799572826838 -253.527903079542 -0.4200926487263814
-281.1135818716362 -280.93325645786126 -0.18032541377493772
-289.97557206118626 -289.6239215526857 -0.3516505085005406
-299.6675029144827 -299.66750247285853 -4.416241949911637e-07
-269.11444572939473 -269.1144460232653 2.9387058475549566e-07
-270.0004196651775 -270.0003929961572 -2.6669020314784575e-05
-246.95841222956 -246.3405600266681 -0.6178522028918962
-240.54001747217646 -239.49623991817663 -1.0437775539998313
-243.5940553865139 -243.59405580121492 4.147010201904777e-07
-300.2296590410362 -299.3692880031126 -0.8603710379235849
-246.39182895333235 -246.39182855925478 -3.9407757412845967e-07
-263.25615867992894 -263.2561584035824 -2.763465545285726e-07
-302.41658589488554 -302.4165862614054 3.6651988466473995e-07
-245.4739166502444 -243.38120568954628 -2.0927109606981276
-252.2506446733118 -252.25064367485368 -9.984581197386433e-07
-290.9439424071892 -289.65235815505974 -1.2915842521294394
-287.15291049381545 -287.15291094595614 4.5214068222776405e-07
-248.1240013803383 -248.1240010951367 -2.8520162231870927e-07
-283.58420030459746 -283.5841995177474 -7.868500802032941e-07
-266.4386693930795 -266.4386693905337 -2.5458462005190086e-09
-264.73740954414507 -264.73740889023946 -6.53905601666338e-07
-215.80831693752222 -215.23957397213402 -0.5687429653881964
-241.67044614421604 -241.67044565936965 -4.848463959206128e-07
-308.4354714098215 -308.4354700104482 -1.3993732750350318e-06
-270.7201158014984 -270.71815805117535 -0.001957750323072105
-250.6656073518781 -250.3476345421258 -0.31797280975229114
-301.1600592455911 -301.1600594324326 1.868414756245329e-07
-262.8229865352482 -262.8229868082257 2.7297750193611137e-07
-290.5320587793649 -290.5320582486246 -5.307402943799389e-07
-247.55450055081292 -247.4093697997962 -0.14513075101672257
-323.17370420409225 -323.17369947240405 -4.731688193260197e-06
-324.78842315452073 -324.78842316347186 8.951133168011438e-09
-286.8933843773484 -286.89338444104305 6.369464244926348e-08
-240.41726087470218 -240.41726118268798 3.0798580041846435e-07
-242.04749589706847 -242.04749747893734 1.58186887233569e-06
-279.12816983960283 -278.79883893830157 -0.32933090130126175
-237.6096553925431 -237.008578236164 -0.6010771563790911
-324.84501780780795 -324.84501730420254 -5.036054062657058e-07
-265.23504973790705 -265.2132115332836 -0.021838204623463753
-243.99491395657986 -243.99491419948396 2.4290409328386886e-07
-244.3534289270562 -244.2742572338566 -0.07917169319961204
-289.0302204387956 -289.03021771115937 -2.727636228883057e-06
-292.6556850528404 -292.6556860973044 1.044463999733125e-06
-273.02860855211435 -273.02864458979275 3.603767839877037e-05
-258.5778113641387 -258.57781142440535 6.02666432314436e-08
-227.23363938185568 -227.23363879075924 -5.910964375743788e-07
-227.90145666535426 -227.90145238428752 -4.281066736666617e-06
-275.7757056477954 -275.7757062667017 6.189063128658745e-07
-307.06799393692995 -307.0679720926293 -2.184430064744447e-05
-283.5731007586241 -283.5681425678541 -0.004958190769968951
-277.7134083268152 -277.71340852869054 2.0187530935800169e-07
-282.4046109111046 -282.4046111551685 2.440638695588859e-07
-218.71322042399606 -218.31746902826671 -0.3957513957293486
-292.907877065719 -292.9078773423603 2.766412876553659e-07
-235.0453993459574 -235.20844831595153 0.16304896999412222
-270.5996803462674 -270.59967965172194 -6.945454629203596e-07
-263.7202199004998 -263.72021893219113 -9.68308654591965e-07
-249.1695857592231 -249.16958675382512 9.946020043116732e-07
-297.0997812252683 -297.0997814112078 1.859394842540496e-07
-238.17359485575943 -238.1358909336373 -0.03770392212211959
-287.9971483193076 -287.99714865100617 3.316985726087296e-07
-293.1905417363938 -293.19054240435946 6.679656507913023e-07
-246.1804283456583 -246.18042823483555 -1.1082275364060479e-07
-263.72674862683397 -263.02660712821495 -0.7001414986190184
-215.87381582529974 -214.78224032740047 -1.0915754978992709
-297.5529745548998 -297.55297663185786 2.076958082852798e-06
-227.516477056845 -227.53024797523238 0.013770918387393749
-216.55907724346193 -216.55907815580426 9.123423296841793e-07
-280.06035674493404 -280.0603564655431 -2.793909175125009e-07
-297.2121641514491 -297.2121638249962 -3.2645289138599765e-07
-264.9735542583658 -264.9735553786952 1.1203293865946762e-06
-296.64491165742726 -296.6449103308327 -1.3265945426610415e-06
-273.7027148061944 -273.7027162440563 1.437861897102266e-06
-285.73025358573915 -285.56832902549843 -0.16192456024072044
-247.58200591876124 -247.58202835445658 2.243569534243761e-05
-276.2387544635444 -276.2387541312773 -3.322671204841754e-07
-267.8917275128475 -267.89172683337335 -6.794741693738615e-07
-276.1754165688701 -276.1754192447011 2.675831012766139e-06
-257.1936240429538 -257.15406361615817 -0.03956042679561733
-275.9955106041861 -275.9955106094674 5.281265202938812e-09
-291.5408255192738 -291.5408258992493 3.799754608735384e-07
-296.9234069515692 -296.770662840012 -0.15274411155718326
-268.740407946016 -268.7404078978686 -4.814739895664388e-08
-264.7961511834618 -264.79615134582383 1.6236202782238252e-07
-259.88319828575845 -259.88319868563184 3.998733859589265e-07
-269.72686511182064 -269.72686503209263 -7.972801085998071e-08
-270.84386407401445 -270.8438639141036 -1.5991082591426675e-07
-279.18928638363644 -279.18928658316446 1.9952801721956348e-07
-267.4662737986367 -267.46627365473444 -1.4390224123417283e-07
-236.52195452589257 -236.30847901168244 -0.21347551421013122
-337.8793687326723 -337.8793685471562 -1.8551605762695544e-07
-266.5238087329064 -266.5238087376535 4.747107595903799e-09
-263.98754879140716 -263.98754967631555 8.849083883433195e-07
-242.29078395499081 -242.2907825145062 -1.4404846240267943e-06
-255.56714750675178 -255.56714923966345 1.7329116701603198e-06
-270.7564075383841 -270.5181038876069 -0.23830365077719762
-262.86966548103084 -262.86966806529983 2.584268997907202e-06
-295.220425866973 -295.220425317277 -5.496960397977091e-07
-241.7773652124346 -240.89661671726026 -0.8807484951743447
-284.6679766397097 -284.628820702394 -0.039155937315683786
-266.341293709511 -266.3412936559677 -5.3543260492006084e-08
-330.7295193402373 -330.72951146777666 -7.872460628277622e-06
-298.1634945758399 -298.1634949470399 3.712000307132257e-07
-284.05458990661396 -284.054588826888 -1.0797259619721444e-06
-239.13306451084793 -239.13306454567436 3.482642796370783e-08
-237.00324515560578 -237.00324505080798 -1.0479780598871002e-07
-271.2242905409676 -271.22429060575524 6.47876277071191e-08
-269.86652347255927 -269.45904439273073 -0.4074790798285335
-252.84192243424485 -252.84192309782745 6.635825968714926e-07
-264.56129076253416 -264.5612910806639 3.181297643095604e-07
-282.54241433077283 -282.54241421439986 -1.1637297347988351e-07
-247.3433627680931 -247.34336197256755 -7.9552555121154e-07
-248.4032430430582 -248.4032431370019 9.394369726578589e-08
-263.91718808208054 -263.91719004704817 1.964967623280245e-06
-264.0013926771299 -263.7767180364022 -0.22467464072769872
-286.11654718787133 -286.1165469943582 -1.9351313085280708e-07
-265.83782454399505 -265.83782436405875 -1.7993630763157853e-07
-297.3765894580035 -297.37659219026267 2.7322591904521687e-06
-269.7851052970956 -269.78510517064524 -1.2645034530578414e-07
-257.1679749294182 -257.1679729994688 -1.9299494056213007e-06
-255.11812736932464 -255.11812800060923 6.312845926004229e-07
-276.152579233971 -276.1525795918474 3.5787644492302206e-07
-247.1224173593797 -247.1224185963588 1.2369791022592835e-06
-276.8873472406638 -276.80300861288424 -0.08433862777957302
-252.88607376846903 -252.24369169376752 -0.6423820747015156
-292.7164204918439 -292.7164220970431 1.6051992020038597e-06
-209.6170609659942 -209.61706002863502 -9.373591751682397e-07
-259.0905630857129 -259.0905631222838 3.6570895645127166e-08
-276.2279881769416 -276.22798412765724 -4.049284370921669e-06
-263.822978437336 -263.8229735323497 -4.904986326437211e-06
-266.4956279757071 -266.46749349943565 -0.02813447627147525
-299.6725707628326 -299.67257102509916 2.6226655336358817e-07
-239.3280455035748 -239.3019146694245 -0.026130834150308146
-258.90964235457574 -258.6170935289001 -0.2925488256756239
-259.1991086178261 -259.1991102124082 1.5945821019158757e-06
-292.47524359515955 -292.4752422175748 -1.3775847378383332e-06
-272.4280078172687 -272.4280085736797 7.5641099783752e-07
-260.6295881415111 -260.6295871504334 -9.910776839205937e-07
-281.4031685139339 -281.40316660550627 -1.908427634589316e-06
-238.4320740159932 -237.57888547189327 -0.853188544099936
-271.83974893743357 -271.8397487034055 -2.3402805027217255e-07
-225.46307371263705 -225.46307671184064 2.9992035877057788e-06
-244.71705268397486 -244.71705382183734 1.1378624833469075e-06
-280.6210779408751 -280.6210786713848 7.305096687559853e-07
-241.30330271288153 -241.30330312315706 4.1027553265848837e-07
-276.7852309601876 -275.18416786022374 -1.6010630999638806
-260.48649905824976 -260.48649967960966 6.213599021975824e-07
-272.85211956154234 -272.85211965337845 9.183611382468371e-08
-305.7384222131787 -305.73842227946733 6.62886350255576e-08
-268.26239904428365 -268.26239855029326 -4.93990398808819e-07
-207.54313441360569 -207.42406423649746 -0.11907017710822743
-284.64572343881036 -284.64572287540426 -5.634061039927474e-07
-274.46012286382376 -274.4601228909496 2.7125850010634167e-08
-253.86976288611692 -252.75280329355155 -1.1169595925653653
-291.473964824274 -291.23875630469365 -0.23520851958033973
-257.58544796513956 -257.58544892417615 9.590365834810655e-07
-263.27491395949176 -263.2749143562683 3.967765564993897e-07
-305.2931518925234 -305.29315170337054 -1.8915284272225108e-07
-358.9222266136786 -358.92222904043103 2.4267524167953525e-06
-360.0447960445622 -360.0447961287237 8.416151331402943e-08
-249.82330391265512 -249.8233017256868 -2.1869683166642062e-06
-278.5620524197902 -278.5620552219765 2.8021863158755878e-06
-275.9062346885354 -275.9062351783703 4.898349175164185e-07
-247.8645877063254 -247.86458840223628 6.959108702631056e-07
-241.84058456028853 -241.84058475915134 1.9886280711034487e-07
-260.5109454331823 -260.51094580872626 3.755439479391498e-07
-272.43410984603105 -272.43410989735406 5.1323013394721784e-08
-223.87717584633327 -223.8771745242823 -1.3220509629263688e-06
-285.76770168126694 -285.7677010583846 -6.228823394849314e-07
-286.08502247632964 -285.57655886370367 -0.5084636126259738
-296.9687850973439 -296.5612500643821 -0.4075350329618459
-250.00976893282714 -251.72286887177827 1.7130999389511317
-246.0634306480929 -246.06343062192337 -2.6169516331719933e-08
-242.5188051649955 -242.518804852875 -3.1212050544127123e-07
-252.65593059140343 -252.65593075725712 1.658536916693265e-07
-245.60685519908208 -245.60685590580914 7.067270644256496e-07
-254.5394487783223 -254.1275169905912 -0.41193178773110617
-302.1789364974155 -302.1789342167285 -2.2806869992564316e-06
-242.44440454210726 -242.33071183772938 -0.11369270437788259
-321.9791900688447 -321.97260176310664 -0.006588305738034705
-235.8333266966544 -235.83332753973517 8.43080755430492e-07
-249.42846509466258 -249.33102478201587 -0.09744031264671094
-286.1003740936286 -286.1003741389642 4.5335582399275154e-08
-235.55457982288644 -235.32894662916615 -0.22563319372028445
-240.29390639312712 -240.08917317170585 -0.2047332214212645
-245.29055417567386 -245.2905537147962 -4.608776578152174e-07
-289.07865097789295 -289.07024630721963 -0.00840467067331474
-264.5732539334691 -264.5732538391552 -9.431391845282633e-08
-231.9435848470933 -230.8713886517603 -1.0721961953329924
-285.9963182226983 -285.996318207663 -1.5035254818940302e-08
-264.4722360417744 -264.4173525107777 -0.05488353099673304
-285.08568556613574 -285.0856846324158 -9.337199458059331e-07
-269.9916968739336 -269.9916973883384 5.144048031979764e-07
-260.6367615629746 -260.6367617249614 1.6198680441448232e-07
-237.70998792824457 -237.7099872779894 -6.502551741505158e-07
-276.54300589581555 -276.54299950973103 -6.386084521636803e-06
-228.2966510589632 -227.63677506071718 -0.6598759982460081
-265.88704665332375 -265.88704767423343 1.0209096785729344e-06
-250.9054583261999 -250.9054546246564 -3.7015435054854606e-06
-225.47640391933442 -224.0278092766241 -1.4485946427103045
-283.1867753314924 -282.6855838909175 -0.501191440574928
-317.3166380807685 -315.12410571024094 -2.1925323705275446
-278.0523533009384 -278.05235246783803 -8.331003868988773e-07
-277.996461520957 -277.99646459467994 3.0737229508304154e-06
-253.8646105923235 -253.8410415417552 -0.023569050568283956
-259.0494551179827 -258.35914379994404 -0.6903113180386526
-248.7675048911754 -248.35973570035586 -0.40776919081955043
-265.0698199853232 -265.06982034027203 3.5494883832143387e-07
-300.0360078883839 -300.0360105987466 2.7103627076030534e-06
-290.3425578190429 -290.34255717099944 -6.480434535660606e-07
-248.447396997061 -248.10743265670678 -0.3399643403542143
-265.7314971424209 -265.73149855360174 1.4111808468442177e-06
-250.65488022768383 -250.39925794320598 -0.25562228447785174
-262.10785585712904 -262.10785231902014 -3.5381088991925935e-06
-309.8314159988153 -309.8262078008232 -0.005208197992089936
-253.68274236062496 -253.68274253218414 1.7155917930722353e-07
-305.401728418357 -305.4017280524643 -3.658926743810298e-07
-274.9994770145581 -274.99947154158576 -5.472972361530992e-06
-270.2080858586127 -269.80843959665356 -0.39964626195916253
-267.3311104896974 -267.33110961723685 -8.724605322640855e-07
-249.87739442059663 -249.87739453160705 1.1101042218797375e-07
-257.5428922629075 -257.54289221656364 -4.6343870963028166e-08
-253.92120531919423 -253.9212046145533 -7.046409393751674e-07
-250.64223485781963 -250.642236090031 1.2322113605023333e-06
-255.60588788263348 -255.60588894945536 1.0668218806131335e-06
-258.7080082546165 -258.7080084581632 2.0354667640276602e-07
-285.58333161309 -285.5833276577771 -3.955312934067479e-06
-296.65813557371047 -296.65813837155406 2.7978435923614597e-06
-289.21454170067193 -289.00905533009774 -0.20548637057419228
-234.13737044603113 -234.1373703044977 -1.415334338616958e-07
-233.84541440879383 -233.44260224256823 -0.40281216622560123
-285.4190671049434 -285.4190678214551 7.165116926444171e-07
-239.46269712548047 -239.46269710137864 -2.410183697065804e-08
-278.36325664037935 -278.3632569775417 3.3716236202963046e-07
-246.66581819433665 -246.04295795255942 -0.6228602417772322
-292.79257699339996 -292.7925774441364 4.5073642240822664e-07
-294.1723954081426 -294.1723958571024 4.489597813517321e-07
-238.77232840786888 -238.77232786645288 -5.414160000327684e-07
-247.61600946398067 -247.49043362872715 -0.1255758352535281
-286.3133712691662 -286.3133712795528 1.0386600024503423e-08
-271.0959715557256 -270.67741744728613 -0.41855410843947993
-251.18065828312888 -251.18065854203502 2.589061409707938e-07
