-4481.212671000795
39.22379264898619
-39.25053184530958
-1574.8736430334454
-10660.83596799625
77.74763579233182
-10664.825972573617
34.22139385371014
-10655.76446819926
59.808963301925814
-31.783612599788526
-10304.945401424626
-68.84809632197198
-2905.5454431187095
-10627.144049931318
72.51526920359827
-10189.470998228966
-182.15838783881273
-10599.459048278679
-10780.63667728158
-10729.172494492135
-10777.116773868382
4.252136730380045
60.823510247190555
-10717.126677872915
-935.9195914775681
-10686.970582825516
-11072.929111359825
-4693.931033500973
-240.4833904207017
-10746.203798054768
-10516.182920886593
46.18085249197267
-10687.550821221086
-10618.952514191484
-10618.39653894842
-10316.02824935311
48.09978080785224
-42.404485303982426
-15.329454401254807
225.47899732977385
-50.40868351628649
-10740.161599353103
-10605.74353488316
-10636.363439340803
-10483.322352152383
-10562.045243491799
-10496.751209457103
-9783.528324715293
-5310.537634208515
4.122834586243357
14.525694045005721
-10572.317135632973
-9583.222312139107
-9613.748948365172
-8655.445846762073
98.02438666080835
-89.37169369064968
-10590.355091637482
-7728.859289631074
-10389.454475899269
-8017.483001750177
-5731.391087581581
-10617.211600090837
77.67914617661856
54.17801348511571
-5.569970105315164
33.34277180477309
-10685.513099682954
-185.55802532346684
-206.22962864841975
-10754.054995851931
-179.49858951882266
-10446.148145025812
10.107016051122145
34.6809448192558
69.80433287449023
-65.84404451062454
-1086.016540287188
50.25727548422367
-10755.35052215282
18.29641264197643
-425.61882303548725
-413.58779818044485
-10179.04788751953
63.04914224842457
91.48150282233327
-297.7069265012086
-8.40242259133447
-10288.992451136852
2.223597371937804
-35.383346710806656
-252.60741075897022
-10524.209471658001
-8767.00690643264
-10516.908266367001
33.81335959074153
379.7033600938819
-10657.437846690445
-1469.8875220804794
-10567.047973566034
-10213.318853806892
-533.9279477625662
-10473.259847978645
-10041.869113867964
-43.346482755264105
-13696.124605726885
-10630.19318301879
-10090.582263365042
-10623.733823326362
-10539.577013145454
59.84615572491994
-7686.843221938642
28.360169179269903
38.72488008218026
-10642.431351206493
-10727.494487799511
-0.4219836026143753
-9820.434705786392
44.037747141642896
-10746.983284153705
-10305.504595677587
28.3282487149652
-10463.081269985347
-9889.373083461365
1.8437783346657994
-9925.94594188634
-18.965813230839224
19.11467053680495
13.309331252396746
54.98268082109186
-10701.268897013697
-10699.463469846134
-10723.81617515587
58.78284476350336
-10713.982783677828
-1826.1415280355932
-10659.685474968062
-1109.7058086423026
-183.93816656143042
-252.43465568506497
-9221.55345188926
-46.15138836481782
-50.08850683957306
-10698.88999050234
-9206.118848708942
-10677.229612115949
-10679.389018295728
50.56022588836484
-10664.823513212938
-10438.398046402317
-10227.059264913507
-10414.9238650168
-10619.935161759688
-653.3217120712611
-10499.050404468606
-10143.127615132671
-10163.078541409814
-10502.862340303198
-10603.403635419998
-3904.2257415782665
-3882.3449232941016
10070.876429031649
-12083.529156160665
-10756.94434079289
-10565.511639628088
-10777.639331402934
44.59594051661311
-58.28503514792631
84.51968901898698
-72.37219867484325
60.71240618507301
-6909.028446784939
-10627.368859730483
-269.10468979841414
37.63561036717847
-10590.69025792825
-10566.68763169325
-10659.345243589129
-424.82658472903177
-10730.188559577826
25.068792687706917
-9742.71020480928
-9495.675594718006
-9496.1698625885
-353.90194864513757
-353.6717125950527
6.301473563635838
-10110.84701593758
-181.22680622339425
-10731.627486048981
14.396086095480598
-1692.8956804780155
-10736.847573176363
77.9729750144543
62.451570302515506
-10744.871846618722
-10646.989406796292
-7858.070657557739
70.256755447169
-10640.260653831156
-10646.292563308463
-1859.5993787878415
10225.421600201735
-10782.704471161718
-10765.15939504522
-10768.113536081393
-11063.512643847756
-335.1644832149501
54.93883602384123
-11258.656402976041
-9256.193277839195
44.74936622194835
-10597.675897893012
-8463.886809782312
-10384.134877411445
-8984.027190346249
-10767.579937913917
-10769.651970096756
-10799.471359526167
80.40951436400752
-10596.472813756522
-10681.74435246757
-10688.94990761953
-10635.460920048346
-9842.595311912044
-283.509317278105
-96.83452277408153
-10669.291379622144
-10088.029024314046
-10642.964833509559
-10692.207063731727
-12.351294508380064
56.7100759153215
64.61720174250492
67.23615651944681
67.19980958599439
32.97563173843109
-75.07874970421511
-3852.243734272245
-10672.908541236746
-10750.68829783765
-10668.813234393294
-10691.690876545748
50.2044137192955
-86.67113794606585
50.29374433717702
59.44486565881506
28.889132146500785
53.192759602493766
36.432162064417255
13.408356115417007
-10739.1813761751
-10663.858475242183
-0.7442151941670119
-10752.703257726358
16.03315451152841
-10635.663643826976
-10680.403879950389
-22.512272353227473
-10391.57287282175
-105.11859072181517
-89.24444956028385
-10726.811856989805
-10391.443086138326
78.99047835956033
1666.735533452209
-10622.603418833189
-10700.594581405481
-10799.183134745308
-10289.730204588073
-1825.4248147071985
-9589.386607593911
