99.6170740094021
95.66858334990306
100.15256123815516
93.33021602671343
91.46567465609931
92.47373950371401
90.08656679403694
86.6413724218693
88.83781539038227
91.70655100495246
84.36806710080174
96.77487912032134
85.83208841885781
85.99738899731884
96.34830855620456
90.52433619951763
88.79400410588877
87.49959027314569
84.41705547908586
90.34823128641311
93.5657815755963
84.2997060032776
89.11171041419283
83.62468570765313
79.54896980772708
95.58109676977605
93.90935332177041
91.36616270329982
92.6894948340949
93.1266715454033
88.99648370298573
90.30886392817364
84.59788557244988
91.15810731438097
90.61402988872393
89.45750687432816
87.27322406793422
85.40965644575127
92.53775879511497
101.93019305505224
77.86330291917378
97.85964054005672
83.50089082686185
89.70801744608715
88.70589439455055
91.84351493161915
78.90610609027812
80.42047977454362
87.52679098844504
90.46756956554391
87.87945680740773
81.07841066700703
91.76627558411474
94.6696890078428
98.4067682825148
83.94641847183027
106.30706948600383
78.78831174954222
84.31119586919957
84.18286774474937
104.58979953200685
94.34957559139119
82.04224595621068
82.37379513721476
85.382590222177
83.93191845371668
89.99693886096034
92.4547294736754
86.16872867803099
93.3079501967013
101.12703100045768
81.93086290627835
80.11171050383977
79.97575204990493
81.58067748838269
92.74523137729955
95.70875411658264
86.70390769757887
83.26323504285469
90.39675864205503
83.70387905059849
90.20335465874257
82.78603775644478
82.51815351679058
75.53019899131624
84.01021456457048
79.61547511166637
92.17192184225772
108.09941573695438
101.72811448779008
95.0435702011464
84.99782276195435
92.80968432771733
86.86361910138162
83.80245805905864
90.42099570689018
90.10101758894038
86.75130560944527
91.59929743417501
94.59021168371484
84.50740010035237
85.79831097935764
86.60752155254721
89.96165243219832
78.50732366066299
101.91024337467854
100.78497934854965
88.93208475716136
96.12311058922607
92.92753430359875
79.97560238927596
104.554483648683
93.57301117875787
96.7663739184066
87.59587910860188
93.64192501623569
83.66250091675943
73.69767442169314
97.2961762454755
85.52034142693797
83.96522072364004
89.16574916056041
91.27786518791996
82.81028428281365
73.14338750996217
93.42526916085944
96.99769318438325
75.18510964279045
82.04773018714965
98.53126580865232
106.35529779621773
88.05363125502342
94.9397572152476
89.43426743786146
99.8088068869566
90.81202256400753
86.59118520180641
95.97460143177807
95.42391241387503
80.72178341404927
85.8614648106205
92.53676126348384
86.61136926058774
85.61352997006395
71.36650800044025
91.14536416241887
91.76324893570796
89.80994856879374
81.58647896719711
94.58479156537436
97.27849807592497
99.19976092053079
90.60458129625884
91.50933204543105
84.52079948964379
90.64029182837952
88.57969040509832
83.89970635028357
93.52879452981432
76.961342628549
98.54418800817632
81.71016822618083
90.14721278492473
83.55018500744225
84.97539623155367
80.92432699152985
84.79249856998798
92.89133289665241
74.52126544324926
89.63105162221052
89.88978939952604
91.29698862155679
85.56147132422066
88.50438362613703
90.37481137550509
87.92371823480937
101.06412088230806
86.8722544737428
82.50406155018871
100.29314564872706
92.008877546625
82.96618605166904
93.58383200073759
88.54756619819915
100.64710225236763
99.78615431456376
82.56368447936225
79.76799313941203
107.41775851342567
96.29492874879375
99.52009801457767
90.16685102828276
86.85361769239759
94.62774310433444
79.60115578015646
83.53098985778055
96.23919254904195
82.15551165101377
89.11144475057918
94.61455724191244
91.04100040468887
92.71711325762836
81.15494182599336
87.95034208700822
84.63700956057988
84.18206623228437
91.2596166501041
96.63188963390726
85.17737691393495
94.06659596589681
80.05737893608016
73.86765614256065
89.72666094172384
97.8422612424194
99.34486855707407
80.1626872735632
83.16662186243346
78.26492380997902
90.14343187030953
83.91740777725227
86.57036214201477
91.3515478038268
87.37890394836808
88.53270650988058
82.86833383396339
88.04468821509339
84.28309940247728
97.41836708740618
92.15678163281123
93.73051620523148
97.55301330761091
75.12946675179558
79.89823144838365
93.10649263631166
94.20882880291606
91.61775668230406
88.0450414291133
86.68682472086097
80.48546822030002
86.92750948908596
79.71305252521128
79.22825152665168
102.56192543845611
88.05804289987645
90.0952676853086
88.93929570491883
82.93672600030723
87.70429636290734
105.54202411170333
96.02262576689807
93.32623404214843
95.34660731334795
88.96823209922081
98.1179458519449
93.16249567188356
95.19014126652027
85.27285752767017
86.50697494280716
96.36321591971009
80.27374868190248
89.10065166169069
86.46849974947274
84.04851739935197
93.1395405487318
92.63571768833387
88.21937261499758
95.36634711997671
78.5000126696939
88.04566641153527
92.99440458004005
84.25690231247566
84.62188882870996
84.35348214347289
94.82671909795343
82.26978158340697
87.7978454704443
92.25820531822507
98.86635526619702
104.82668125336204
86.78391822893903
80.72959584616544
94.08174564849509
88.69743225636333
106.08373187881851
97.72335341380057
102.82560196355425
92.70490482262827
90.5382375764359
103.17009942828997
83.97290414656646
99.20599673291079
92.99250803852775
93.0710293899771
90.76436613014272
90.29485137588362
86.3465183168068
75.25764424955982
93.54043279992841
92.58085622347116
77.59630818436493
94.78074312911208
97.42998588705339
100.48220696793209
89.52388190717014
94.8092534826993
92.68210613442075
82.37368867961723
98.80454319107395
89.84607359074161
87.84710726867142
77.83770088554256
76.39547423931516
89.75336206906402
102.6159516800274
92.95607723475496
74.95271066222975
87.06338347121246
76.51076722121786
99.01259642380815
87.86238415039344
83.0764393582707
76.11052769064514
89.7943047165233
75.14974706677953
96.31718289614614
85.63975354688267
88.43223452277942
80.32094685273051
102.1173899222633
91.33563605091139
103.18980349403247
101.43838575226563
86.73975415824354
84.32617340260649
88.47671557342022
82.15241442997
74.20729560220742
95.71719056199387
92.34169394838888
89.7730257407655
102.44781150038393
99.20483649285538
93.59740321752159
88.8558652383337
89.07433899358688
83.72116150572046
81.39859173537155
90.404704395983
89.90171759552892
89.38547425360878
93.9356958755029
86.58709844097959
84.90975402943471
92.03977528202913
90.5407778926706
91.195308971125
85.83410026949164
93.02291245595343
86.02472776043712
80.46019040484353
87.71313706396683
88.31018817410163
85.16741488816848
88.65922981280426
93.37712295564737
98.76720137678879
82.90584467846391
101.45585052657052
98.04233273627881
79.86835183806065
84.4328292182197
86.65514876318213
89.25569823957385
89.468932805326
90.59076413079077
96.83039336842009
97.3253992092738
100.21411979976202
96.94999601403279
86.3238801531074
102.44681588753772
79.44753804092952
102.7899190090413
104.01231021622337
92.80086570854266
89.70974615850248
90.91437329853032
100.07430293659958
89.23007509290304
84.34086775191093
95.90262621796687
91.76566440787512
84.53207976028739
99.37522677457885
88.36066165910285
83.59174341412674
99.64784163592836
79.63679072075652
75.15138434637461
80.70328262026621
87.72689700282795
115.39431596740302
75.59204345454228
82.38849021809648
83.36720017641699
96.7901581043994
89.2813318255139
84.30849413995395
87.75100076731496
95.58224655005705
85.41542253354145
86.77332595371789
89.38461750496933
84.98430790933794
92.85814202380371
93.10773994534944
82.61775099436042
98.70007187662111
88.43918780305502
94.61852006044387
87.05130049355512
100.31606226013605
90.21643569169707
95.53579851358103
81.25787247621484
69.95985547127404
98.84544227560593
94.34493440408406
90.9624059237365
82.86081720486584
94.43026588982318
97.55361747829934
91.10782163342768
91.24401701798641
77.07878512417145
95.51755186161779
83.11152796793638
94.9242733164051
86.68486886512869
93.22482778315086
88.44587958302678
103.44735720170661
89.15820326368397
96.03748028040394
93.83797689608488
95.63576048283616
92.64916092471401
91.73162755797324
83.08334399032955
86.00193398486093
88.45235742317935
86.12211025565064
85.30494929407683
95.46628134940659
71.92503017039273
90.64036107741481
98.62087794811994
78.48377546065402
101.53319316332036
89.64858660494487
95.54931013755218
91.10189111139988
95.06677892337683
89.88320373226709
82.79526062355082
96.92569689204777
90.28174984246577
95.84159566298615
91.45564740640643
96.26525472344774
79.9609639043297
94.73233569763917
96.08918804945786
94.14742376959046
82.64131642924059
87.52072958957264
89.5501585774212
85.8699543634979
92.73936017869555
89.08220708878746
94.04964866421749
88.0118953164014
84.32188582902576
84.89378531760005
94.03159618389475
93.90688960293576
93.58179483749161
96.58355237192717
89.79358948960024
89.80837578067641
88.38857098196468
90.56745441110377
88.80968685239976
83.57462668191181
83.9440316240007
94.73271221309884
100.19750885118316
88.79520605255483
84.10887417249434
74.56397816366444
79.47508069263691
83.88667909115469
84.3777661850564
75.35559349881524
100.18359055257145
94.72668563366969
92.3709578355253
96.22494645580481
85.62711839051542
95.02642082185596
81.30108761884847
94.2267528070166
87.3353824048513
79.81025336751419
85.4262884906981
92.39478455793021
90.09046221451389
89.65962416495925
84.6292532465788
83.2974949363142
90.8350123829423
99.2806522047307
102.83657454484228
77.4838634809777
81.06382478977298
88.74496985563115
88.41171604921863
94.66400497346845
83.85719801971487
94.80309834569381
94.96710112737159
95.87871876024627
96.05340964478111
97.39253053779967
93.15930858839215
97.56447134976511
98.80858867158818
81.9700203023468
81.0393076888701
88.37482922706556
79.85708296031595
85.57859527948602
83.25318527120082
105.41823328297536
95.16091748032851
84.49887956280767
84.04609702067376
94.68501244222125
86.47847815860234
81.8993113151293
94.63422419245936
98.50015642480926
100.67536816704282
86.3448964077401
94.00210436489832
102.66118723947577
104.178861473259
84.90989943106197
97.02918853236783
84.88410136746802
95.40553176512475
89.86391907430121
82.83849668705292
86.54151630388552
99.28210470487224
105.85713272782934
84.99994419354093
90.24524864703353
92.24404113177424
79.8819919842732
85.51507098762175
105.12925083310452
92.44865318638992
87.72182577433648
98.01296673344098
99.2183631313761
84.00672894612013
88.01568681383523
90.8549443415422
91.43850166193283
89.09185406439511
88.20600345515692
77.97178035846811
79.50990721437677
80.21757347425788
86.91054717350232
108.46246169427013
87.14488279849455
90.62237714191593
86.01061681608795
81.88974708250743
81.89069789955187
92.51205002053646
86.98271012543306
73.3532236095957
91.98027654698808
94.85052386100978
105.84512504047322
98.69762543475619
84.62271300783999
87.693238123671
87.92237061242687
90.6465853787247
92.65334366754607
87.83089228208118
87.34203210262086
90.34441217158243
89.57526242010883
84.88647620901989
92.02104786377603
95.8896203399472
81.55667058848758
99.30779699541863
88.70779726714798
92.9468857919732
79.97477093340521
86.65266703735055
84.62962898741418
111.91590033833677
84.27394532159924
91.25202753408887
79.70712143078805
93.78989696492542
91.21480562884236
90.86839382940784
95.59445819872028
98.17801574638007
93.62138399412336
90.62359816154873
93.07668769979878
91.39527040574144
85.51325615355817
101.30457999082594
100.00580656385448
104.24493211350705
82.17302221938792
101.05360925443141
83.27006261452578
87.07134863130729
85.55340246040808
83.6612443463967
89.75290936538923
84.5302058384284
73.93267514415083
90.1054815978076
97.27604336723988
72.780835456975
83.1878096573969
93.59353214683156
88.72921225264776
80.4794416818875
88.96988064654583
94.53715750221463
93.46035458968947
93.2453352104905
95.54236140706467
96.29486857480349
82.36212716320799
86.68251445222367
86.66936913729342
94.75089939076483
86.97577108192921
95.14571665018914
81.86634865756155
83.06167646035829
71.09895210430105
93.18973599882665
85.08558992723444
86.77686684473804
75.52334347212724
84.9758941792324
93.4872376946832
98.70263313298366
98.714844009948
87.45825967148951
81.7589196269256
74.78807103461762
93.25701303553015
92.47176881431301
89.72016202101017
82.86971056486796
92.24554127292433
86.00852763943088
87.98668875109736
80.39550735295938
95.13743243847529
93.81284382126894
94.77511018845888
94.30209600085587
102.97696271605956
85.50556412329445
89.49966418380896
83.83333663622881
88.78753853369878
94.62064623126656
93.55874098940976
88.9911537066398
90.36892026767268
102.35076827851464
102.44576408101432
91.39053841536924
80.39301743165215
94.41411671153061
85.1142002687591
88.80847877748022
90.56906056774183
96.67579493911009
92.15088640123929
87.07935899421696
81.26757263378785
89.94141401818328
78.51376700540827
77.97993451792263
85.92492265112284
87.28943760451537
86.05069774405797
89.67038509952704
86.1484520264113
85.61419231525315
93.25075281656335
90.15749610672376
102.08983602737658
89.08332417654304
89.59648942720045
91.05146715109935
91.11167601364932
88.76808634250784
82.72831551999033
85.14868099466432
91.20254862495594
97.0828183746751
87.13041281448531
81.07997090314535
89.72543121426057
84.49859789110931
101.28350817787566
85.51168967531228
93.33088198376439
85.18818137779382
91.29292825542191
98.35753527111662
84.3923034762955
89.24692574583929
96.67191611531268
100.90410299535282
94.1571411066743
88.9819261197491
92.42571424180099
85.86873248768629
88.03559721539209
90.39804160641522
84.73371572329081
98.07098399172297
95.52787134059399
80.89364605089352
90.19906476998084
93.60718745099621
92.72161498127952
86.56830286950026
82.18169673857949
75.00792922435903
98.58533470541198
83.42734084651255
86.91749052449399
88.47590892673512
79.62499868768438
86.19629359523118
91.49671418785181
87.52258033824904
88.79819574176648
76.31708130600876
80.35511400313212
83.27466191203294
85.44870481945128
100.74837772409424
94.78939462011562
81.36481398938031
91.51969709599435
88.00334154138429
99.80502196970951
83.83430445217738
80.90589356810233
89.7741375811359
80.51320342574468
89.01802454314807
88.60063006620885
85.2013966888095
81.07573872471175
82.83444301854277
90.33724169460841
90.40896517746867
83.13064548699889
72.40646874778822
89.92865873070632
87.78760263350254
78.80356526021592
78.26209702522176
93.54411661136425
93.18960418237855
96.03227299913956
106.29843443763933
92.62856321225304
87.03337740598681
